   40.85 16.93 30.72 11.63	1.91156730445
   32.61 9.30 26.39 9.05	1.91156730445
   29.90 8.75 26.09 8.99	2.58989532887
   30.57 5.06 25.21 10.47	1.91308548354
   29.93 9.24 25.79 8.53	4.63258323714
   29.42 8.95 25.67 8.77	4.12647940607
   29.65 8.77 25.90 9.02	3.15899537054
   29.08 9.85 26.00 8.57	4.65131717862
   33.39 14.25 28.27 7.32	4.04852181696
   39.03 14.46 29.80 10.39	3.95765433242
   34.18 13.86 28.88 8.27	2.25652447976
   34.95 17.02 30.62 8.20	2.72898922161
   29.96 8.41 25.94 9.21	1.73166170524
   31.03 11.80 27.91 8.44	3.88395123123
   29.87 12.39 27.36 8.32	3.11342483664
   30.46 7.30 26.03 9.80	3.55611269123
   29.85 8.76 25.82 8.99	2.62330053366
   29.90 9.47 26.51 9.09	3.18972556915
   38.52 17.41 30.01 10.09	3.66042121685
   41.09 16.60 29.78 11.58	3.26740079817
   42.82 16.94 30.01 12.37	3.17679841623
   31.40 7.39 26.07 9.66	1.42124630938
   38.37 15.51 29.98 9.79	2.30281295023
   39.20 13.65 28.96 10.41	1.66525242584
   35.94 16.04 29.89 8.74	2.18671442289
   36.19 14.48 29.10 9.68	2.29204673083
   42.37 15.48 31.74 11.40	3.44312905205
   36.60 14.11 29.03 9.72	2.51245452361
   31.27 10.44 27.21 8.72	1.38412194774
   29.93 9.42 26.41 8.96	0.306205525461
   38.90 20.29 32.56 9.53	2.77152036994
   35.28 14.02 28.84 8.00	1.79835941628
   36.59 18.57 31.36 8.75	2.56577561829
   36.62 13.48 28.99 9.16	2.33021405388
   30.65 11.21 27.51 8.82	2.06037846954
   31.66 12.17 27.11 7.27	2.65709201449
   41.39 20.44 32.21 11.51	2.14159633121
   38.42 17.55 30.19 9.99	2.43653873039
   30.29 9.55 26.29 8.61	1.84652893612
   30.41 8.24 26.34 9.54	2.45200310935
   29.12 8.05 25.45 9.07	1.74602584793
   37.00 15.91 30.26 9.88	2.06501086705
   41.99 17.14 30.66 12.03	2.27024439671
   30.64 5.29 25.37 10.26	2.1285630685
   31.11 5.35 25.76 10.48	2.46496443611
   47.93 22.56 34.55 15.04	1.6621623881
   46.21 20.24 32.86 14.27	2.52479933984
   33.26 14.00 28.20 7.84	1.66657081851
   45.32 19.90 32.30 13.35	2.05792235072
   30.46 7.96 26.23 9.35	1.36245245256
   40.43 17.62 30.47 11.29	2.14358391167
   40.22 18.02 31.34 10.20	2.78410195174
   45.13 19.30 31.98 13.05	1.42425533308
   47.18 21.29 33.40 14.42	3.12372426558
   62.73 28.70 38.81 23.28	1.41385031061
   45.57 21.32 32.92 13.53	2.38256119316
   45.08 19.51 32.26 14.00	2.95701748614
   43.36 19.29 32.18 11.97	2.61517851581
   31.81 10.04 27.20 8.63	2.62045463587
   42.25 17.35 30.86 12.39	2.72602447145
   44.51 19.14 32.48 12.80	2.01512041034
   47.73 21.49 33.63 15.38	4.90223347988
   36.33 13.88 28.65 10.39	3.86531362253
   30.10 5.27 25.38 10.62	3.30216647111
   50.95 23.89 35.99 16.63	2.25071533162
   45.55 17.95 31.88 14.14	2.98844220454
   40.17 14.59 30.03 10.76	4.32520717467
   29.77 5.63 25.60 10.39	3.67135435837
   41.39 17.46 31.59 11.81	3.10644437905
   30.14 5.75 25.54 10.43	2.35902010387
   30.48 5.84 25.99 10.45	2.84473536175
   31.23 9.03 26.85 9.21	3.01393525062
   38.36 15.23 30.05 11.12	1.39490867035
   29.89 5.94 25.08 9.98	3.2727653998
   31.51 5.97 26.26 10.49	2.98972221431
   29.46 4.86 25.38 10.80	3.2729957596
   40.76 14.08 29.52 11.81	2.75058075359
   31.26 5.24 25.76 10.56	1.48660013721
   46.09 20.05 32.90 14.48	3.55785751081
   29.94 3.79 24.82 11.14	2.22236425386
   29.90 3.96 24.87 10.94	3.031660289
   44.41 15.88 30.78 13.95	1.88476094452
   42.22 17.23 31.62 12.74	2.39874693228
   47.66 18.54 32.10 15.27	1.4433861363
   44.14 17.15 31.19 13.57	1.93222224611
   36.18 10.14 27.12 10.47	3.14344134608
   30.28 4.54 25.32 10.82	1.64391407582
   31.42 7.18 26.22 9.72	2.43292695
   30.70 3.73 25.13 11.14	1.9427329201
   30.56 3.31 25.05 11.44	2.68948328374
   30.50 3.31 24.68 11.10	3.13279640222
   30.40 4.41 25.01 10.68	3.21330812133
   31.16 6.44 26.33 10.46	2.4405736119
   30.84 3.95 25.67 11.39	0.699651857234
   40.97 14.52 29.11 12.55	1.89845519208
   30.29 2.98 24.73 11.39	2.17753293799
   60.43 25.10 37.36 22.43	4.23758785772
   30.37 4.65 25.36 10.81	3.90329437334
   31.45 5.34 25.92 10.63	3.45736123765
   30.07 4.53 24.76 10.55	3.30214199632
   30.36 7.57 25.40 9.04	2.83187333097
   31.49 5.94 25.84 10.19	4.06869846688
   30.32 6.37 25.50 10.02	3.20663518246
   47.00 17.40 31.63 15.49	1.61979272228
   33.24 10.70 27.98 9.68	2.4081153998
   42.61 16.99 30.59 12.40	3.24817648707
   31.01 2.10 24.82 11.80	3.3672292095
   31.26 2.73 25.18 11.58	3.17533139997
   31.02 4.89 25.43 10.63	4.02405713563
   30.72 4.77 25.22 10.57	1.8621607535
   29.11 3.02 24.50 11.15	2.41285269848
   58.92 24.03 35.70 21.81	1.54583061004
   30.30 4.15 25.07 11.00	2.64876558818
   29.65 5.17 24.69 10.23	2.85434127045
   40.95 13.26 28.76 12.90	1.22394762089
   41.60 15.12 29.41 12.66	1.18304928491
   43.90 17.44 30.79 14.14	1.41859672397
   29.38 5.08 24.86 10.40	0.770774084554
   30.94 7.50 26.19 9.85	2.66716538022
   29.96 7.80 25.64 9.41	3.78004339536
   39.21 12.72 28.42 11.14	1.15588062258
   28.93 7.58 25.12 9.19	1.73441362539
   30.20 6.52 25.37 9.88	2.20520675651
   44.09 16.84 30.55 13.25	4.47028999562
   30.20 6.23 25.69 10.12	2.96693074196
   31.34 7.05 25.99 9.60	2.67457892351
   30.10 7.21 26.13 9.86	3.23336699971
   29.82 7.68 25.58 9.46	1.79810886346
   30.17 13.18 27.57 7.82	3.42422917916
   30.26 8.83 26.12 9.04	2.71932697505
   30.92 10.21 26.81 8.62	1.83833550636
   43.18 18.32 31.60 12.73	2.77880154468
   38.43 15.78 30.20 10.89	1.48532830572
   29.46 8.36 25.66 9.11	4.05827802273
   43.39 18.48 32.14 12.92	1.7302046169
   30.15 5.91 26.09 10.47	2.91588227722
   41.09 14.48 29.51 11.31	1.8296443915
   41.99 16.06 31.07 12.44	2.75125548873
   28.84 5.51 25.72 10.12	2.81383291181
   29.58 3.98 25.72 10.44	3.14726092677
   28.94 5.35 25.82 10.16	2.37462477218
   29.50 3.61 25.54 10.84	2.15019724935
   29.79 4.90 25.96 10.68	2.10817060998
   29.85 4.99 25.73 10.77	1.49891362944
   29.66 4.28 25.14 10.75	2.1460807963
   29.39 6.35 25.72 9.87	4.6384207025
   45.27 16.16 30.78 13.68	3.15196691989
   29.20 3.06 25.09 11.24	2.465610234
   30.26 2.49 24.80 11.61	2.80307049745
   30.64 2.49 25.12 11.68	4.09447421894
   29.92 3.94 25.27 10.88	4.21896784638
   29.00 6.94 25.98 9.90	1.46863877409
   29.08 4.38 25.22 10.37	1.92386676476
   44.22 17.45 31.04 12.67	1.11736150664
   58.23 26.67 37.95 20.97	1.7296036299
   40.62 12.63 28.76 11.54	4.06138717694
   29.23 3.26 25.12 10.91	2.19040131703
   50.29 19.99 33.21 15.98	2.24678657945
   30.11 3.95 25.36 11.20	0.801584496873
   47.64 19.44 32.72 14.54	2.69409862462
   42.18 12.30 28.92 12.87	2.12051411959
   29.74 5.34 25.61 10.56	3.47684003982
   29.44 3.73 24.99 11.15	3.94400179762
   46.49 16.24 30.96 14.11	4.17904932572
   52.09 19.67 32.85 16.62	2.24556683371
   47.52 16.64 31.07 14.08	3.10683008724
   28.77 4.83 24.95 10.26	2.58186141513
   42.53 15.04 29.75 11.98	3.30546328269
   29.13 2.28 24.33 11.21	2.09037602301
   50.51 20.60 33.41 15.99	3.19151062034
   28.96 5.85 25.68 9.96	3.33067013587
   43.88 17.46 31.32 12.41	2.47814284584
   43.50 15.58 30.93 13.16	4.26162573709
   41.48 16.28 29.82 11.85	2.78867003134
   42.82 15.08 29.60 12.06	1.18769439522
   44.05 15.10 29.27 12.62	3.70318411719
   29.05 1.20 24.36 11.83	4.15485119671
   36.89 10.87 27.09 10.31	2.66210092656
   29.05 2.59 24.47 11.07	3.68277493958
   43.95 17.47 31.24 13.95	2.78108716279
   32.68 5.15 26.36 10.61	3.20622914964
   41.18 17.23 31.41 12.17	2.32821294126
   41.07 14.49 29.57 11.97	0.50940239852
   29.59 4.39 24.94 10.88	4.20124043825
   30.49 8.85 26.45 9.30	1.91991920182
   46.02 19.06 32.19 14.55	0.311612554166
   37.55 12.78 28.82 9.89	2.42716814312
   38.19 17.46 31.02 10.17	2.22686174518
   39.27 17.72 31.30 10.99	1.03081032945
   40.50 18.80 31.97 11.35	2.15092982912
   37.24 15.23 30.50 9.20	1.43384642028
   34.13 13.54 28.78 8.66	0.82836109692
   37.02 17.82 30.89 9.77	5.28329948511
   36.85 14.39 29.25 10.17	0.483799856269
   30.42 7.08 26.30 10.00	1.90158896218
   39.54 17.31 31.30 10.76	2.90571125655
   42.18 16.67 30.66 12.31	2.37027766335
   35.88 13.46 29.03 9.86	3.34188640847
   37.94 13.76 28.75 10.58	2.04041170122
   31.35 11.01 27.48 8.60	3.06013477929
   42.23 18.67 32.49 12.27	5.30600448122
   35.39 15.70 30.49 9.39	2.05682712278
   31.66 8.02 26.88 9.78	1.39787467423
   39.87 15.22 30.19 11.03	2.63097053562
   33.05 14.31 29.07 8.64	1.67363010829
   32.55 8.49 27.16 9.35	3.19751822906
   31.21 8.62 26.69 9.39	2.02144452062
   39.38 17.83 31.54 11.01	3.3009467718
   35.87 16.33 30.31 9.36	4.08649399578
   43.85 18.39 32.28 13.06	3.15787054917
   32.91 8.14 27.25 9.63	3.45909013798
   34.38 15.48 29.65 8.74	3.02564874999
   39.97 17.80 31.91 10.50	2.61451484879
   43.98 20.26 33.23 13.55	2.04769062528
   32.34 11.27 27.88 8.42	4.04329821073
   37.01 16.93 31.01 10.07	4.41855578343
   42.50 16.77 30.96 12.40	3.46706566563
   35.90 11.94 28.33 9.95	3.69806224071
   30.87 7.04 25.98 9.84	5.31097837742
   30.81 7.53 26.33 9.80	3.73480958123
   33.83 10.71 28.13 9.46	2.48834115913
   39.50 16.42 30.65 11.19	3.72690617081
   31.81 8.19 26.69 9.54	5.21684554608
   31.83 8.16 26.57 9.31	3.86723091114
   50.35 23.26 36.37 15.85	4.01540200691
   40.27 16.48 30.13 11.17	3.97028607826
   33.33 15.82 29.65 8.78	4.07484159793
   37.72 14.22 28.95 10.22	4.97882511783
   36.81 19.49 32.01 9.52	5.03677998141
   29.04 8.89 26.19 8.38	2.1351175215
   31.74 14.56 28.45 8.02	3.81215889564
   29.82 8.02 26.17 9.67	4.33409890841
   49.60 20.63 34.67 16.08	5.12519596825
   31.19 8.67 26.72 9.38	3.75458409738
   35.38 13.47 27.59 10.17	3.37107223471
   34.87 13.52 28.36 8.94	5.20960957426
   29.26 6.84 25.74 9.91	2.50275326786
   38.29 18.50 31.44 10.85	2.29467119114
   38.17 15.32 29.03 9.87	3.02760957948
   34.43 12.91 27.66 9.40	2.4345465411
   35.06 10.87 27.86 8.93	2.80364153496
   60.22 28.50 38.44 21.48	3.42287475117
   35.01 13.10 28.35 8.65	2.78062035717
   30.21 9.02 26.03 8.77	3.1438732014
   30.16 8.61 26.75 9.48	3.40003244052
   35.99 17.29 29.76 9.22	2.14573442539
   30.16 10.95 26.66 8.28	1.97298393116
   30.98 10.83 26.78 7.58	2.79815089589
   36.15 17.51 30.56 8.99	2.19348181156
   34.58 18.76 30.51 7.90	2.50418663031
   29.73 10.99 26.45 8.05	3.21129086986
   36.57 16.16 29.39 9.11	2.57813706174
   29.84 12.42 27.19 7.91	2.10703689587
   35.95 17.39 30.12 9.17	1.93459631965
   29.75 6.71 25.73 9.80	1.82735042634
   29.99 8.52 26.13 9.20	2.54914113794
   39.90 18.62 30.62 11.12	3.06352797211
   36.27 15.72 29.20 9.25	2.08533296633
   38.86 17.78 30.64 10.22	2.06776096512
   33.88 16.66 30.73 7.69	1.70082157749
   32.85 14.63 28.72 8.24	2.37949687318
   32.59 9.76 27.74 9.05	1.76289074685
   30.68 10.07 26.56 8.54	2.12081021824
   32.61 13.05 28.12 8.61	3.01725491661
   35.39 15.09 29.32 8.94	2.10046675427
   37.62 16.28 30.27 9.73	1.68856358055
   30.16 11.30 27.36 7.81	2.61024047193
   30.12 9.52 27.06 9.36	1.17821786581
   30.90 10.02 27.36 9.05	2.17065676944
   30.36 7.86 26.56 9.99	2.60463785716
   30.94 8.66 27.24 9.59	2.33374872025
   32.50 13.99 28.42 8.04	1.65284807358
   30.40 8.55 26.40 9.43	3.28450024211
   36.68 15.81 30.38 9.19	3.44101407345
   30.86 8.98 26.57 9.24	1.58069289081
   34.97 16.18 29.24 8.82	1.99396209565
   60.77 27.89 39.81 22.53	3.1066742297
   34.20 15.44 29.01 7.99	3.1380630268
   32.06 11.56 27.70 8.16	2.57598419006
   31.47 12.11 27.68 7.96	3.1453425549
   36.61 17.26 30.46 9.32	2.28290589806
   30.47 11.48 27.27 8.33	1.76318449531
   30.92 9.76 26.54 8.60	2.02544615715
   33.83 16.52 29.81 8.36	3.1846648273
   31.39 10.38 27.34 8.87	3.09662176309
   31.34 11.59 28.24 7.01	3.08586949532
   37.58 18.62 31.14 9.34	3.29251212519
   29.92 9.93 26.34 8.53	3.4227230119
   30.99 10.31 27.15 8.98	2.57468596296
   29.82 11.16 26.84 8.53	3.2579553818
   30.68 11.55 27.30 8.49	3.6910237237
   33.87 16.95 29.75 8.07	3.55069684526
   31.75 13.00 29.07 7.46	3.79925060728
   61.48 29.08 40.22 23.01	0.956442554762
   31.47 14.35 28.99 7.69	2.60982225452
   30.34 8.14 26.44 9.72	2.64709321648
   32.57 12.06 28.04 8.23	2.70301658558
   35.04 14.52 28.44 9.38	2.98839955847
   30.62 11.67 27.62 8.52	1.95672172036
   30.43 12.54 27.38 7.81	1.51429615066
   55.29 25.79 37.27 19.76	2.14666631612
   29.86 8.75 26.09 9.10	2.33280854474
   29.64 10.27 26.25 8.30	1.90875637372
   35.73 13.69 28.68 8.44	1.75614729424
   30.17 7.37 25.88 9.75	1.46051087123
   31.09 10.26 27.03 8.75	2.04763051139
   31.11 9.49 26.67 8.86	2.67102316009
   30.08 9.21 25.80 8.58	3.22572026315
   37.23 16.80 30.28 8.99	2.7690327802
   51.34 24.45 35.89 16.64	2.71256642229
   35.03 16.47 30.14 8.33	2.55430126279
   31.05 10.99 27.08 8.25	2.15311202128
   31.13 11.42 26.92 7.84	3.12711504609
   61.73 31.85 41.52 25.87	1.82314235213
   31.08 12.54 27.48 7.86	3.25637234623
   30.64 8.19 26.10 9.27	2.85040426324
   34.19 14.03 28.59 8.63	1.94750247327
   29.91 10.48 26.14 8.08	1.31838616587
   30.44 11.89 26.69 7.67	1.56441764111
   50.20 21.93 34.36 16.25	2.97544063056
   47.69 21.14 34.26 14.66	3.98540979955
   53.40 25.01 36.64 18.98	2.41647782322
   38.94 16.28 29.84 10.66	2.40182003754
   30.77 8.70 26.86 9.57	1.97669268843
   31.93 14.11 28.32 7.31	1.72160936715
   35.57 14.23 29.13 8.95	2.30185940764
   30.27 9.85 26.61 8.80	2.50933394286
   31.38 7.54 26.48 9.85	2.05640756233
   29.97 8.96 26.21 9.06	1.6057651925
   30.08 8.23 26.06 9.32	3.15142153206
   36.84 12.79 28.63 9.92	2.94970697247
   35.36 11.87 28.28 9.43	3.17674795497
   29.76 8.16 25.53 9.21	1.93742608788
   29.38 10.34 26.14 8.30	3.14433007777
   29.90 9.46 26.49 9.14	2.55943974947
   51.14 20.18 34.59 17.35	2.73422460838
   30.60 7.60 25.83 9.30	3.04271862713
   34.07 11.63 28.40 8.31	3.62900709428
   32.56 10.47 27.81 8.74	2.35853843833
   41.76 19.02 31.58 11.71	3.38539113592
   30.98 10.96 26.87 8.05	3.05548319111
   30.95 11.22 26.69 7.81	2.89113711439
   40.75 17.92 30.42 11.47	2.10066447867
   30.38 11.09 26.46 7.95	3.42845923901
   36.34 14.65 29.00 9.55	3.51336141137
   30.32 11.51 27.05 8.00	2.12260782262
   31.59 13.10 27.61 7.37	1.57444470058
   41.02 18.72 31.26 11.20	2.20012171925
   42.20 21.49 33.59 12.42	3.06103912572
   30.12 6.63 25.74 9.96	2.22390823403
   32.20 13.31 28.55 7.94	4.94201132571
   40.19 18.91 32.12 10.91	0.844240623716
   32.54 9.52 27.50 9.11	1.74323429163
   40.05 17.73 31.45 10.94	2.75729468306
   34.79 15.74 29.79 8.84	0.0543588110936
   34.10 13.32 29.38 7.85	1.87723656509
   37.48 18.60 31.84 9.37	1.16646276584
   31.92 10.51 27.51 8.74	1.32087289034
   31.39 11.12 27.42 8.42	3.27060064314
   31.15 10.92 27.24 8.54	3.62871102573
   31.31 10.72 27.74 9.15	3.58072032443
   31.26 10.24 27.37 8.97	1.82202810957
   39.62 17.00 31.31 10.71	2.64839269607
   36.18 16.86 30.87 8.84	2.11536663959
   30.95 9.46 26.62 8.82	3.36789848022
   30.52 9.38 26.39 8.79	3.38687160179
   37.43 16.95 29.96 9.72	4.23807670645
   31.11 9.49 26.62 8.71	2.64885711517
   38.61 18.96 31.67 10.26	2.14656999672
   36.73 17.04 30.24 9.13	2.86844185394
   31.10 7.44 26.39 9.81	2.76878181872
   31.32 12.99 27.99 7.92	3.19133973616
   39.05 19.74 32.00 9.42	2.55917974248
   35.55 18.72 31.31 8.27	2.65952806936
   41.48 20.17 32.28 11.43	2.83645685167
   32.56 10.51 27.65 8.49	2.17870840937
   31.98 12.33 28.81 7.29	3.0690109461
   43.52 19.38 32.32 12.64	1.42364347903
   30.93 9.02 26.83 9.25	3.74782794262
   58.64 26.15 37.62 21.43	2.76903404741
   43.27 19.62 31.45 12.68	3.13056901356
   31.43 10.58 27.52 8.78	2.24140258818
   31.39 11.13 27.67 8.57	2.28776090006
   41.57 20.24 32.42 11.45	2.7275692973
   30.74 8.96 26.94 9.34	3.3289476574
   48.43 14.78 35.56 13.62	1.80219062541
   31.12 7.19 26.56 9.95	2.02569347837
   31.22 8.30 26.32 9.22	2.30614794879
   30.66 8.55 26.57 9.20	1.92985969942
   30.78 9.45 26.64 8.88	2.49855168085
   43.47 18.95 32.30 12.78	2.74895639229
   40.13 16.77 30.73 11.06	2.16334230968
   38.36 13.91 29.14 10.29	1.92366623599
   31.20 10.06 26.98 8.75	3.8708171067
   42.07 18.90 32.00 12.16	2.34347479087
   39.90 16.45 30.83 10.90	2.42832572787
   31.40 7.86 26.91 9.77	2.50320916968
   40.16 17.33 31.17 10.47	3.19528058007
   58.65 25.40 36.90 21.00	2.32088919209
   31.72 6.80 26.39 10.03	2.3561521469
   39.37 17.18 31.17 10.69	2.29645041107
   33.01 12.33 27.81 8.70	3.51692264065
   30.81 6.92 26.38 10.04	2.26377338567
   30.55 7.54 26.12 9.63	2.5871955927
   32.70 9.71 27.91 9.40	3.01681818472
   36.90 15.26 30.22 9.48	2.32403590544
   39.61 17.26 32.01 9.46	2.09169237042
   44.28 20.52 33.57 13.19	1.34428383002
   31.10 9.98 27.16 8.97	2.82092800891
   35.97 15.29 30.18 8.72	2.10904979069
   32.51 6.15 27.02 10.63	1.88847518285
   31.60 9.16 27.35 9.42	1.10103718893
   41.88 18.47 32.79 11.59	1.96523078608
   30.06 4.50 25.64 10.97	2.49532052922
   36.65 14.67 29.66 8.99	3.08194261125
   41.05 16.39 31.60 11.22	2.34834978064
   31.70 9.37 27.64 9.45	2.69852608228
   40.20 14.53 30.90 11.16	2.16879973565
   31.06 7.32 26.26 9.79	2.25352842708
   31.26 7.41 26.79 10.14	2.37013947978
   30.92 4.87 26.13 11.12	2.27720047279
   40.32 17.78 31.85 10.97	3.17003820027
   31.26 8.33 26.84 9.61	2.49504146321
   30.97 8.96 26.78 9.14	2.08143971787
   35.29 11.16 27.98 9.67	2.04769152928
   58.54 26.05 37.62 20.78	2.91651229759
   38.15 13.54 29.35 10.03	2.42527985932
   30.09 6.92 25.88 9.91	2.31500351023
   57.69 25.27 37.59 20.48	2.13371657918
   31.30 11.43 27.70 8.55	2.80817648051
   69.34 34.86 43.34 27.67	2.31549967226
   36.84 16.32 30.07 8.98	2.67999907997
   30.40 8.42 26.42 9.23	2.06658037378
   30.86 5.57 25.45 10.31	1.24207083128
   59.92 29.83 39.80 21.93	1.48485249811
   32.97 11.92 27.37 7.77	2.4233096085
   32.70 12.33 27.70 8.30	7.59166410329
   51.47 22.30 34.68 17.04	4.91298720868
   53.41 22.57 35.04 18.31	8.32955463197
   30.84 12.42 27.55 7.89	7.78120905363
   41.64 17.96 30.85 11.61	6.44809153591
   32.74 17.95 30.44 6.58	4.61275189483
   30.90 10.09 26.96 8.77	6.59013988208
   33.56 11.78 27.78 8.88	4.03281152022
   36.56 15.71 29.50 9.47	3.71503548891
   40.18 17.67 30.86 10.75	4.83257018641
   42.20 16.82 31.07 12.10	5.99562367864
   41.57 18.38 32.24 11.61	4.03488354137
   55.01 23.62 35.83 18.83	5.89568069566
   39.84 17.36 31.17 10.99	4.96088428437
   36.66 14.26 29.30 9.22	7.08904513805
   30.92 6.95 26.30 10.13	5.13424950055
   31.20 6.39 26.21 10.39	6.90473093674
   30.88 5.67 26.01 10.63	7.47902172886
   40.36 16.59 29.89 11.69	5.98369902676
   55.71 23.94 36.08 19.24	7.54198204251
   34.72 11.89 28.47 8.68	8.37270983954
   36.30 12.23 28.75 9.54	3.81818364137
   53.14 23.56 36.01 17.88	5.83590205737
   34.46 11.36 27.68 8.77	10.5293947387
   39.55 17.99 30.72 10.77	12.1258084615
   31.71 11.27 27.46 7.43	7.31517055617
   31.97 9.15 27.30 9.40	8.77957830017
   30.16 6.68 25.80 9.96	12.1814806759
   29.90 8.78 25.38 9.09	9.02088001127
   37.14 15.33 29.85 9.56	7.26674440733
   39.75 15.56 30.35 10.36	7.99324209127
   41.36 19.57 31.77 11.66	9.28814431028
   43.81 17.53 31.44 12.99	11.487124472
   37.60 15.24 29.91 10.34	10.8175943623
   30.07 11.56 27.35 8.52	11.9976746619
   30.02 12.01 27.62 8.20	7.37334872634
   36.92 17.08 30.31 9.53	11.4107076999
   34.73 15.46 29.54 8.26	9.14952379825
   41.01 17.75 31.31 11.41	11.0517824955
   31.28 11.15 27.70 8.49	14.0102730466
   39.59 15.48 29.58 9.85	8.85395061873
   31.71 11.94 28.03 8.31	10.091551453
   35.11 14.74 29.39 8.45	11.4341376991
   33.83 15.73 29.21 7.51	10.331941553
   35.68 14.72 29.45 8.72	13.0583112147
   29.65 10.55 26.54 8.40	11.038467013
   34.33 15.40 29.15 8.16	11.3997752689
   54.84 23.80 36.04 18.62	8.35396208887
   38.33 16.68 30.48 9.35	9.48025444241
   29.59 9.36 26.68 8.95	14.7230008698
   39.58 18.88 31.63 10.54	10.6060474796
   32.74 13.63 28.77 7.43	16.5065646012
   47.61 20.06 34.62 13.31	11.233488644
   37.83 16.63 29.75 9.90	12.5170223639
   41.39 21.06 32.97 10.83	10.3288599646
   42.47 19.41 31.82 11.57	12.3100915651
   38.09 19.69 32.44 9.63	13.5998410254
   29.92 13.55 27.83 7.75	8.76605626883
   30.79 12.83 28.07 8.19	12.3258208774
   32.88 14.80 29.35 7.45	7.80337480595
   38.20 19.59 32.22 8.81	10.949957418
   30.42 12.90 27.80 7.88	5.23873264689
   62.28 31.14 40.47 23.14	8.90943970724
   48.14 21.32 34.65 14.11	10.5362479683
   46.69 19.71 34.07 13.56	9.31607763781
   51.25 20.76 34.68 16.69	15.3516123491
   46.99 15.66 38.50 17.47	14.7211840361
   66.51 32.47 41.59 26.25	13.2162949614
   36.03 16.96 29.89 8.62	7.39878806051
   48.12 19.68 34.19 14.41	13.9767522646
   51.53 23.82 36.84 15.49	9.54440225306
   54.78 26.13 37.50 18.42	23.1007245652
   31.26 9.80 27.54 9.21	10.1980250682
   67.38 33.41 41.57 26.39	12.166035111
   38.26 17.76 31.49 9.16	11.113747624
   31.13 11.57 28.00 8.65	12.2665708366
   34.56 14.71 29.62 7.91	16.8916203731
   34.88 17.24 30.61 8.30	13.9724180286
   37.99 16.40 30.55 9.36	7.53541729086
   34.96 16.46 29.88 8.09	10.4314010877
   55.21 29.06 38.78 17.43	12.7745235664
   35.72 17.04 30.20 8.16	12.8973629757
   50.32 23.68 35.97 14.55	10.3021398215
   35.88 18.47 30.77 8.18	7.35242842214
   35.17 15.98 30.21 8.00	9.23416659961
   31.22 14.09 28.81 6.65	15.1938605417
   31.15 12.82 28.07 6.67	15.3561445193
   36.02 17.30 30.81 7.58	18.230932081
   35.56 15.22 29.48 7.86	15.5454807822
   37.17 16.88 31.21 6.91	8.58460454716
   51.87 24.31 35.70 16.04	13.4845441549
   32.58 16.01 29.73 7.09	9.4858146869
   32.91 16.38 29.64 7.06	11.4764424679
   33.46 18.45 30.32 6.65	17.5676714661
   56.04 24.40 36.33 19.03	17.3431040514
   29.98 9.16 27.16 9.57	12.3474253197
   36.50 19.00 31.39 9.17	10.9262474299
   36.08 18.26 31.23 8.55	10.339375837
   30.95 13.60 28.25 7.49	13.3456057362
   38.15 18.60 31.43 9.16	17.4912294746
   34.19 14.39 28.99 7.88	17.5349368121
   30.54 10.47 27.13 8.71	14.1876998961
   43.45 19.31 33.49 11.62	12.8287658727
   29.74 11.68 27.35 8.19	15.0503947443
   30.10 7.92 26.31 9.72	17.3377214448
   32.21 13.39 28.87 8.01	12.6327542564
   36.92 14.88 29.52 9.02	11.7727339237
   34.37 15.33 29.64 8.51	12.8203738701
   36.65 16.62 30.41 8.89	10.7763360347
   41.60 19.89 32.35 11.47	9.4001696822
   38.74 20.13 33.08 8.79	8.54999501593
   39.96 18.55 32.00 10.97	12.5413376831
   37.60 17.07 31.61 9.39	10.7964107602
   64.13 30.69 40.44 23.62	12.5144517179
   37.83 14.94 30.08 10.20	14.0437509343
   35.20 17.42 31.07 8.91	13.7676512252
   54.41 24.07 36.32 18.10	14.4885199806
   30.67 10.89 27.84 9.10	18.110430862
   40.24 20.31 32.79 11.06	13.3624664705
   47.86 18.89 33.63 14.30	11.5380610902
   38.19 18.11 31.79 9.77	13.8016631408
   41.46 18.38 31.78 11.66	11.7814598518
   48.16 18.91 33.27 14.73	14.3560885981
   60.64 29.89 40.65 21.22	18.5210797543
   45.75 16.00 32.33 12.94	12.907562364
   54.59 25.30 37.04 18.30	17.3680031523
   51.39 20.68 35.12 16.90	14.6303166728
   29.52 10.92 26.80 9.02	19.5437713899
   50.24 22.61 36.23 15.34	14.3624379871
   39.76 17.31 31.99 10.92	11.4365936356
   47.80 17.04 33.31 14.28	18.5879873163
   33.91 14.64 29.22 8.38	11.7398559639
   50.42 23.43 36.54 16.01	18.6573773517
   48.10 20.87 35.25 14.53	17.0606281586
   36.59 18.07 32.42 8.19	16.2874506084
   37.55 18.39 32.09 8.41	23.0395715117
   47.06 19.14 34.56 12.94	17.055465777
   49.70 22.81 36.81 14.40	18.7600072626
   49.21 21.22 35.06 15.59	19.3084650995
   31.13 13.88 28.79 7.64	14.6047722838
   57.36 25.86 39.49 23.67	12.122036724
   42.58 18.61 32.82 10.94	16.7201032503
   53.03 21.40 35.46 17.25	15.1492045909
   37.52 18.02 31.94 9.13	12.8999792909
   38.51 17.64 31.65 9.74	17.2327130226
   39.11 17.32 31.05 10.38	12.2715568282
   39.83 13.47 29.70 11.17	18.2059353718
   57.89 27.89 39.39 20.58	14.4215263442
   37.76 18.11 31.14 9.28	11.5837439422
   46.67 20.39 34.62 13.10	15.5203129324
   35.00 14.52 29.38 9.40	19.4364298256
   52.13 21.74 36.57 17.70	15.7550466714
   30.13 6.20 26.15 10.86	12.6185082962
   41.35 13.65 30.45 11.90	19.7190261257
   36.36 11.05 28.02 9.94	16.224838071
   36.52 13.54 29.02 9.25	13.9290821604
   35.11 14.15 29.89 8.94	20.1443291907
   36.36 13.51 30.12 9.54	16.2288455849
   41.26 16.24 31.04 12.13	14.7540690413
   52.80 21.06 34.78 17.36	15.7406661999
   38.49 13.15 29.51 10.68	10.3567791836
   38.39 16.62 30.61 10.13	14.9293230931
   42.68 17.58 31.46 12.17	13.0603394394
   30.19 8.16 26.83 9.94	14.5270859592
   29.72 6.30 26.16 10.21	10.1539528563
   38.70 16.53 30.88 9.82	9.97977522303
   46.98 18.06 33.54 13.76	10.7862139736
   47.34 16.84 33.37 13.94	11.3853621474
   38.96 15.06 30.18 10.99	6.59867001454
   36.19 13.97 30.12 8.90	9.59668519379
   39.76 17.06 31.79 10.59	12.2786312764
   38.45 13.50 29.69 10.33	9.61752931088
   37.45 14.17 30.07 10.18	10.868016363
   39.23 16.46 31.13 10.48	17.9283267068
   38.00 17.49 30.75 10.27	16.4733770005
   30.37 8.79 27.07 9.69	8.03667662522
   30.34 8.01 26.94 9.90	17.0648258622
   29.98 8.85 26.95 9.76	17.6983556207
   31.30 6.73 26.96 10.43	14.9633781421
   51.12 25.69 37.52 15.81	18.3836806914
   31.23 12.04 28.49 8.92	13.3779582368
   55.74 25.73 37.07 18.77	17.3339839192
   35.42 13.75 29.40 8.60	8.93881983931
   29.69 9.37 26.95 9.37	17.200652437
   30.66 7.43 26.48 9.94	17.240526367
   40.21 17.75 31.37 10.48	20.5302699819
   59.71 28.92 39.43 21.49	13.7638719543
   46.05 18.89 33.77 12.92	20.7350914807
   54.85 26.35 37.73 18.47	12.7661903768
   42.45 21.24 33.86 12.26	14.0013063705
   50.50 21.55 35.22 16.17	15.5962874314
   47.48 19.92 34.59 13.69	12.4587534933
   46.62 18.04 32.93 13.74	13.2515512587
   54.03 26.12 37.69 17.85	12.5505064981
   66.61 32.66 41.37 25.96	11.3863250587
   46.69 18.55 33.46 13.50	10.6021280649
   36.94 13.78 29.22 10.33	19.0167937681
   58.55 26.76 38.31 20.07	12.0479055533
   38.49 16.20 31.13 10.31	18.2301241726
   59.86 25.69 38.23 21.72	18.2882196146
   40.86 16.37 31.02 11.02	14.709131182
   31.00 8.58 27.14 9.68	14.1385003145
   30.74 10.84 27.91 9.25	11.1799331228
   32.23 12.43 28.55 8.20	17.4567199179
   34.15 14.51 29.70 7.32	19.5994270769
   56.25 27.31 37.87 19.01	17.0924038031
   51.90 24.24 36.08 16.43	15.8046111337
   36.49 17.01 30.20 8.84	15.7786038306
   44.78 18.54 33.40 11.97	20.1288299533
   30.04 12.04 28.10 8.74	15.1033667811
   52.08 24.29 36.78 16.11	20.4053235674
   52.07 25.74 36.88 16.88	18.7458839238
   47.61 20.10 33.61 14.66	21.0130522811
   47.54 22.73 35.55 13.44	19.6022085661
   38.18 20.05 31.91 9.42	16.0375867002
   56.06 24.80 37.19 18.47	14.7488529513
   37.94 15.15 29.90 9.35	20.9321536887
   36.48 17.77 30.73 7.91	19.9439071281
   33.81 15.49 29.93 7.44	13.9418332988
   47.59 20.94 35.18 12.88	19.1309155989
   29.72 11.83 27.54 8.36	11.7290387233
   30.90 12.12 27.85 8.04	20.8506975262
   50.51 24.62 36.51 15.24	10.6102498325
   32.29 11.73 27.63 7.51	11.1401315766
   40.91 16.95 30.60 10.95	12.8614445183
   49.29 21.41 34.87 14.53	11.4760318196
   30.87 11.41 27.74 8.38	21.8388201475
   35.66 15.76 30.23 8.04	14.6928581736
   57.01 32.06 42.34 24.38	13.1013741886
   37.95 18.13 32.02 8.62	17.1370918708
   37.94 14.80 29.81 9.35	12.7903319875
   54.15 27.19 39.24 21.99	9.01160932006
   60.55 30.67 41.04 21.59	12.1751741349
   39.28 19.99 32.50 10.34	13.1421257621
   30.58 11.20 27.97 8.78	11.739311445
   28.53 4.69 25.21 10.70	9.7621848894
   51.53 26.65 37.13 16.67	12.1799979037
   43.95 20.29 33.31 12.47	9.13588917773
   33.67 16.34 30.90 7.70	9.73611883123
   55.90 29.37 39.11 19.09	9.99959619406
   31.42 12.44 28.44 8.65	7.87810783499
   56.77 27.40 38.43 19.29	11.9948987253
   53.12 25.09 35.92 17.07	14.6722643653
   41.50 20.54 33.41 10.73	11.9823018746
   30.35 10.53 27.20 8.76	9.82267227001
   53.43 25.04 37.14 16.47	8.97253402473
   30.48 10.65 27.50 9.08	10.9893252754
   36.94 16.21 30.19 9.47	10.9686287713
   37.98 17.00 31.08 8.99	12.2190575605
   41.00 16.84 30.60 10.99	9.00249208188
   29.87 10.21 27.16 8.71	8.12662636237
   30.30 11.50 27.79 8.57	11.5393096835
   30.73 10.65 27.60 9.10	9.82437701295
   37.62 17.70 31.72 8.46	5.91472186645
   35.57 13.57 29.52 8.58	7.64251025522
   48.22 19.18 33.85 14.14	6.6515943862
   68.09 33.70 42.45 27.13	12.42364082
   30.70 12.11 27.69 8.12	6.79393665175
   47.55 20.84 33.98 13.63	6.54058965367
   53.35 26.96 37.29 17.55	5.51404899553
   66.95 33.09 41.63 26.14	3.9313777187
   49.82 20.26 34.42 15.33	6.5222554073
   39.44 19.50 32.57 9.85	9.58899139398
   41.55 19.30 31.91 11.77	6.58200942406
   31.92 13.49 28.25 7.60	10.4816677195
   33.32 12.53 28.06 8.22	9.59477401805
   33.13 12.17 29.23 7.77	7.45199984037
   36.90 14.29 29.87 8.94	11.2846350239
   35.31 14.59 29.64 8.22	10.8223772401
   38.76 18.36 30.77 10.11	8.91802429612
   41.41 17.77 31.30 11.34	13.1771971153
   58.55 27.13 37.65 20.50	4.96652945913
   29.77 8.15 26.27 9.36	6.30275955425
   39.37 16.62 30.56 10.10	7.92550632148
   30.23 6.63 25.83 10.14	7.7709557692
   42.14 18.29 31.98 11.96	10.156832864
   34.55 11.16 27.86 8.26	7.90372154818
   31.55 9.79 27.21 9.05	8.41594001593
   30.37 11.75 27.81 8.58	10.4627424551
   30.22 10.24 27.36 8.86	9.15767437189
   35.93 15.31 29.48 8.29	9.1062391048
   40.48 16.98 31.39 10.76	10.2640925465
   36.49 14.58 29.61 8.83	9.0018509236
   34.25 14.38 28.84 7.39	6.43915739808
   31.96 11.04 26.74 7.85	5.71011801115
   39.52 17.74 31.95 10.02	5.59188766624
   30.89 11.41 28.33 8.99	8.08962673852
   29.56 10.79 27.00 8.47	5.68848650189
   30.62 10.75 27.83 8.95	11.054389708
   29.42 7.06 26.21 9.56	10.0814518455
   30.22 5.84 26.45 10.67	6.41840480974
   29.86 8.06 26.32 9.61	5.19743909451
   33.66 11.97 27.81 8.60	6.22904717301
   29.65 7.64 25.98 9.52	10.2709271238
   30.09 11.04 27.14 8.47	13.4022106518
   46.42 21.06 33.14 13.96	5.04682815678
   29.88 8.07 26.33 9.39	6.94516950714
   45.71 20.68 32.81 13.21	9.30455901582
   29.27 6.70 25.88 9.94	8.85994365977
   29.96 10.12 26.79 8.87	9.47662868939
   30.05 11.15 27.32 8.52	9.89760781758
   30.92 11.15 27.35 8.46	7.0850260896
   31.43 7.57 26.78 9.87	7.8155512736
   30.50 9.08 26.87 9.44	7.9007080774
   55.12 23.87 36.01 18.20	5.25037173044
   52.18 21.83 35.92 16.08	9.59259924743
   29.66 7.07 26.53 10.53	9.11445317304
   66.93 33.44 42.57 26.43	9.29070959236
   56.17 24.53 36.22 19.38	12.1213473485
   37.48 15.33 29.86 9.68	15.0032588801
   53.23 23.74 35.73 16.76	7.40975846756
   37.94 15.81 29.88 9.63	10.0931217607
   38.25 16.68 30.44 9.77	10.679685598
   55.15 26.02 37.33 17.91	12.1219407661
   32.17 5.95 26.20 10.32	15.3765127329
   47.12 18.47 32.94 14.16	15.4768552024
   51.55 20.06 34.52 16.71	17.6523458202
   56.13 22.76 36.17 19.37	11.4669755047
   52.47 21.16 35.10 16.86	16.5860029196
   38.05 13.91 28.75 11.14	16.2730592317
   41.49 16.68 30.62 12.29	17.3539863095
   52.89 21.01 34.83 17.28	15.1477936281
   55.39 22.20 35.45 18.82	14.8590465991
   43.22 17.18 31.59 12.45	13.3056854642
   39.38 14.37 29.88 10.10	13.0993197701
   52.24 21.65 35.50 16.91	14.2603066171
   44.52 17.85 32.79 12.35	15.1695774279
   48.64 17.72 33.09 14.76	16.1174440053
   30.64 4.85 25.66 10.75	13.7029467188
   39.77 15.93 30.01 10.53	18.2426850782
   53.25 23.83 36.17 17.55	14.78586896
   52.17 23.95 36.79 16.55	15.4240180335
   53.95 25.39 36.68 18.03	17.5171823953
   39.82 15.34 29.77 10.97	17.0049490662
   30.02 6.35 26.75 10.43	16.9585451319
   38.08 12.79 28.42 10.65	15.8175037741
   48.32 17.74 33.41 14.76	15.9875893591
   30.45 6.64 26.38 10.16	13.0658963487
   29.50 7.53 26.24 9.82	16.1566719569
   51.29 21.25 34.97 16.16	16.5118858908
   53.79 21.82 34.76 18.27	18.2178231872
   42.22 18.27 32.15 12.69	17.2798300829
   52.15 20.03 33.97 17.79	18.3135660531
   29.52 4.74 25.04 10.61	13.9621168035
   34.34 12.27 27.21 9.37	13.7312433809
   38.79 14.81 28.88 10.92	10.9798994011
   49.05 15.97 32.66 15.77	13.1796420887
   31.29 3.56 25.70 11.55	7.7568976232
   44.04 13.89 31.61 12.94	8.57125357167
   54.09 20.63 35.26 17.63	5.49733109035
   31.03 7.28 26.34 10.02	14.3724140433
   37.61 13.14 28.15 10.87	16.156828979
   52.91 24.05 36.49 17.83	10.6984078187
   57.78 23.13 37.02 20.91	15.8710563804
   53.21 20.01 34.44 18.30	12.4176801293
   33.70 12.47 28.29 9.16	12.9965289984
   40.78 16.21 30.62 10.62	15.0263866975
   37.48 17.70 30.46 9.50	14.0183377634
   30.23 8.57 25.96 9.08	17.7653465822
   30.31 9.78 26.57 8.87	16.6844375746
   30.16 5.00 25.65 10.88	13.6983343485
   30.43 5.95 25.81 10.44	12.5677799151
   30.69 12.50 27.44 7.92	11.4504723004
   45.39 16.22 31.92 13.27	15.7737334911
   68.90 31.49 41.44 28.23	14.6561565678
   47.47 17.58 33.52 13.46	13.8045025688
   40.95 16.16 30.38 11.21	11.8490697468
   47.05 15.75 32.30 14.39	13.823380876
   42.72 17.64 31.48 11.91	11.0697960336
   48.02 18.77 33.08 14.55	9.01050433565
   39.64 16.88 31.04 10.66	10.2779032681
   55.05 22.59 35.42 18.35	14.6574720359
   35.31 13.73 28.64 9.25	11.7662813613
   54.85 23.14 36.54 17.75	15.6711845999
   36.38 11.49 27.85 10.14	12.7558052563
   53.92 23.78 36.35 17.62	11.677688812
   51.14 20.59 34.45 15.81	13.9194029254
   37.42 15.34 29.97 9.69	12.1605336753
   54.15 21.69 35.55 17.50	16.6175876816
   49.86 21.67 35.14 15.44	14.3856787932
   38.04 11.90 28.26 10.55	12.6341054048
   38.27 15.76 29.93 10.25	18.1450201119
   31.37 5.94 26.38 10.67	12.6908479526
   56.65 24.45 36.88 19.35	11.6686385037
   57.44 25.04 37.18 19.84	13.2428351589
   56.96 24.12 37.12 19.79	15.7014960821
   51.44 23.95 36.30 16.00	11.2008870171
   37.39 15.14 29.79 10.09	12.5823720153
   31.93 10.07 26.38 8.64	12.7103285851
   55.15 25.25 36.51 18.17	11.6147277849
   31.11 13.37 27.99 7.68	12.5287117351
   31.38 7.55 27.06 10.11	17.3064553252
   37.45 13.23 29.45 10.51	16.9148306996
   52.43 20.38 35.31 17.12	15.1543624259
   37.40 12.84 28.91 10.08	13.9441933648
   48.23 19.94 33.69 14.74	13.9859983002
   48.23 19.94 33.69 14.74	14.736764905
   30.41 9.76 20.65 16.23	11.6848551664
   31.23 9.97 21.83 15.81	19.6893275246
   47.37 21.84 28.17 18.21	15.6341316350
   46.48 20.23 27.84 18.07	11.7511748036
   30.61 5.42 22.15 13.77	13.1567477266
   49.99 22.37 28.71 17.72	17.2588763189
   29.32 11.15 19.90 16.20	15.9915338300
   29.43 6.41 21.29 14.77	13.0864473935
   30.43 10.51 21.23 15.33	18.3334204468
   49.54 22.34 28.34 18.27	14.3714388104
   30.40 9.66 20.87 15.81	13.0667623933
   49.69 22.29 29.14 19.05	13.8037733530
   31.58 8.82 22.09 13.93	14.2002190802
   31.56 8.97 21.78 15.84	16.3558418899
   44.43 18.13 27.34 15.92	14.7032247954
   46.81 19.46 28.20 17.45	15.5708153074
   30.61 11.64 21.02 16.26	17.1989032232
   30.42 11.10 20.78 16.05	16.9036183309
   30.74 9.48 21.33 15.39	13.5562412932
   45.07 20.68 27.47 17.17	14.8808582176
   48.03 21.02 27.99 17.04	12.0787672080
   31.30 7.21 22.18 14.22	15.9948377936
   30.50 7.33 22.10 15.03	15.4806352287
   30.50 5.68 21.94 13.67	13.2199025505
   44.69 19.83 27.04 16.87	17.7261957743
   50.46 22.76 29.03 19.11	16.8550127652
   29.60 6.14 21.15 14.10	16.2432824338
   29.19 8.31 20.54 15.42	15.7405900966
   28.91 10.26 19.46 15.94	17.1271594424
   48.74 22.41 28.53 18.70	15.5146133981
   31.07 9.05 21.87 14.58	17.9568157200
   48.45 20.88 28.38 17.85	15.9415825243
   31.08 10.53 21.62 14.85	19.1428807161
   30.15 10.53 20.80 15.27	19.0445133815
   30.88 11.46 21.59 15.29	14.1073317064
   43.01 18.88 27.27 15.51	19.3652395357
   30.68 9.41 21.51 14.98	16.4863794031
   29.65 9.84 20.59 15.64	18.2927134014
   29.83 15.09 20.74 16.14	21.5692719568
   50.96 25.00 28.33 19.55	15.3394700560
   30.43 10.97 21.09 15.73	15.8476703895
   32.14 10.39 22.69 14.92	17.3675994565
   45.05 21.31 26.38 17.26	17.4518808163
   53.84 25.18 29.73 19.36	16.2047980975
   31.70 11.34 22.06 16.09	16.3246253204
   48.69 25.50 28.30 19.25	19.7643182061
   29.94 7.67 21.37 14.78	18.9740509264
   29.76 8.10 20.98 14.95	16.4380055168
   51.04 25.03 28.66 19.86	16.8599000168
   29.67 6.98 21.05 14.47	18.1958974812
   29.81 6.58 21.17 14.33	16.9613210498
   50.88 24.67 28.40 19.63	18.8312660407
   42.10 17.27 25.82 15.89	19.1032173154
   49.48 21.51 29.10 18.44	16.4425366820
   43.24 18.62 27.33 16.48	16.8684802809
   30.07 7.74 21.17 14.30	13.9539124225
   46.68 19.72 28.46 17.43	14.9234021706
   50.95 22.43 29.98 19.81	16.0425769869
   30.67 6.38 22.09 14.81	18.3096943113
   48.21 20.21 28.58 17.22	18.1448622029
   49.57 21.19 28.82 17.83	15.3987534645
   30.48 4.45 22.43 13.53	17.9400694273
   29.75 7.18 20.94 14.87	18.2241265515
   47.41 20.13 28.24 17.31	19.4167610425
   46.41 21.25 26.31 16.58	21.4203333063
   44.64 19.57 25.88 15.62	17.9276824113
   47.34 19.67 27.91 16.54	15.6909959137
   43.78 17.61 26.59 15.63	17.9358924570
   46.49 23.40 26.19 18.33	20.8287682034
   46.55 21.61 26.46 17.05	16.7995812137
   31.02 5.50 21.87 14.13	4.4865841386
   31.12 3.14 22.45 13.04	6.4758559965
   30.08 5.33 21.14 13.90	4.6525757518
   30.30 3.41 22.07 13.59	6.8127395592
   30.81 4.75 21.82 14.03	5.1688237246
   30.65 8.45 20.93 14.09	6.4814951417
   30.99 5.48 21.81 13.81	7.2793471581
   31.44 8.74 21.46 15.25	4.4826189030
   47.69 20.93 27.61 17.28	3.5760064568
   52.07 22.00 29.22 18.54	4.8343835187
   47.14 20.47 27.41 17.95	5.3129313630
   30.99 9.26 20.89 16.01	6.2265980754
   31.25 5.89 21.97 14.89	5.5995235976
   46.47 19.05 26.94 16.85	4.8603235701
   42.67 17.87 25.89 15.12	4.5310785592
   31.12 4.78 21.76 14.02	4.3302587925
   32.17 6.76 22.52 14.13	5.2660146833
   30.07 7.29 21.55 15.01	4.4188116606
   51.16 21.52 29.56 19.21	5.4580673676
   31.01 6.17 21.70 14.91	1.9298612654
   31.70 7.32 21.92 14.79	3.6844774734
   32.59 4.68 22.90 13.19	7.1209573967
   31.17 10.18 21.00 16.03	4.9055495581
   46.48 17.12 27.54 15.22	5.1302522179
   30.05 5.93 21.10 14.57	7.7211763793
   30.22 9.05 20.51 16.01	1.9459152146
   54.08 23.22 29.87 19.61	6.1415721003
   42.93 13.51 27.03 14.29	2.9799324224
   30.50 7.56 21.22 15.53	4.6003902531
   47.39 18.44 28.72 17.59	5.3494207443
   31.42 2.66 22.67 13.28	6.2660730575
   30.57 7.57 20.96 15.50	4.5405697889
   52.40 20.95 29.74 19.02	7.3758682963
   49.90 20.73 28.17 17.10	6.2984601907
   31.89 6.24 22.21 15.03	6.3633733224
   50.07 20.62 28.29 16.79	3.9725474143
   30.31 7.14 20.70 15.18	4.6496180318
   45.87 20.54 26.71 17.32	7.1342495958
   51.49 23.63 28.97 19.32	6.3068472918
   49.69 23.23 28.75 18.81	2.2675063206
   47.19 20.46 28.08 17.94	4.1217397060
   50.97 21.19 29.42 17.92	6.0096692615
   47.27 21.04 28.44 17.46	5.6795039645
   46.77 21.78 26.89 17.61	6.4984591615
   47.69 22.02 27.74 18.59	4.8116136991
   30.32 6.95 20.98 14.72	5.3596703860
   30.10 9.10 20.34 15.06	6.0888717778
   45.55 17.83 27.46 17.04	5.6853208633
   30.77 7.03 21.15 14.91	4.1000541561
   32.87 4.55 23.04 12.47	5.1908338386
   32.44 6.84 22.13 14.25	2.5801186873
   48.94 20.91 28.50 18.02	5.2780716714
   30.72 5.80 21.29 14.67	4.8803937883
   31.94 5.84 22.03 13.84	6.0380910347
   31.93 3.53 22.45 13.16	3.2188541485
   30.14 6.10 20.64 14.56	6.4881583830
   31.26 7.27 21.39 14.59	5.3116865309
   52.93 22.93 29.94 19.76	3.4566760971
   30.36 7.93 20.56 14.79	4.9140796042
   31.32 8.67 21.46 13.86	3.7872982039
   30.72 10.18 20.80 15.28	5.3317176917
   49.27 24.10 28.00 18.68	4.9866085802
   40.91 17.42 25.62 15.57	4.7994776434
   45.69 20.97 26.87 17.11	3.9987075199
   45.86 21.36 27.70 17.37	6.6545094140
   45.47 20.85 26.35 17.11	6.8379745939
   49.01 23.01 27.95 18.43	5.3098413914
   45.32 21.15 26.64 17.44	6.2363496190
   50.85 25.12 30.51 18.77	9.7457387758
   49.79 21.16 28.17 17.72	4.6377709502
   45.22 19.34 26.38 17.10	7.0186551965
   55.43 23.50 30.63 19.84	5.7414912838
   30.29 6.77 21.30 15.13	4.9550586280
   44.74 20.30 26.92 16.65	3.8862839568
   30.98 8.93 20.88 15.50	5.5355168318
   43.98 19.31 27.05 16.31	3.7834686252
   50.50 23.34 28.83 19.18	4.2450620500
   30.81 9.90 21.08 14.41	5.7691121635
   32.86 6.56 22.51 14.23	5.4553542167
   30.39 5.90 21.09 14.40	4.0585099237
   41.85 17.82 26.29 15.47	4.4137706719
   47.25 22.73 27.91 17.90	5.5933015089
   46.96 24.11 28.26 17.14	5.2692437583
   42.49 17.45 25.83 15.73	4.5301364395
   47.28 22.12 28.20 18.06	6.5039722758
   29.65 9.55 19.90 15.39	4.9112977214
   30.96 10.61 21.25 13.93	6.1926144822
   41.89 18.08 25.95 15.95	5.1578324247
   43.62 20.88 26.30 15.85	8.7840087623
   30.10 9.67 20.51 15.22	5.7175146555
   51.39 25.67 28.67 19.16	5.5273032190
   31.96 11.01 21.96 13.75	4.7438454838
   31.47 13.72 22.12 12.58	3.6534418353
   30.38 11.88 20.79 15.54	4.9237367267
   40.80 18.18 24.93 15.13	5.0713572018
   47.00 22.48 27.64 17.23	5.6224365918
   48.83 22.42 28.06 18.64	4.2271068896
   41.36 20.36 26.63 14.50	5.2426277612
   31.39 9.35 21.32 15.06	4.3860247835
   47.73 20.94 28.05 18.38	4.2110154171
   30.13 7.77 20.28 15.45	6.6132017506
   48.52 22.63 28.22 18.72	5.9828715410
   46.92 21.48 26.84 18.16	4.7406296445
   29.59 6.53 20.69 14.75	3.6835160956
   30.00 9.39 20.21 15.38	3.7166415255
   48.11 22.82 27.18 18.08	4.6288003534
   39.69 16.84 24.28 15.17	3.3946526468
   30.12 9.73 20.38 15.14	7.0704120961
   43.14 20.85 25.58 15.85	4.5986882543
   30.56 9.49 20.68 15.13	4.4827920546
   51.13 23.85 28.23 18.82	4.4197521598
   45.75 21.09 26.46 17.30	3.9054265752
   41.95 18.68 25.11 16.00	5.9321515483
   29.84 9.84 20.07 15.50	6.3272775495
   46.69 23.29 27.10 17.22	4.1723269304
   30.66 13.95 21.11 15.69	1.8567840619
   50.13 24.96 28.65 20.27	5.3581615525
   31.23 11.28 21.41 15.28	5.3626353589
   30.35 7.56 20.97 14.71	4.6813952820
   46.50 22.84 28.12 17.34	6.1017763977
   30.82 12.33 21.20 15.28	4.6782869331
   49.63 25.00 28.12 19.47	5.2241800826
   49.05 24.07 27.67 18.95	6.8668770492
   46.27 20.84 27.21 16.91	4.5418007776
   30.98 8.97 21.03 15.33	4.5723660210
   30.40 10.41 20.43 16.19	5.8524820851
   47.01 21.61 26.89 17.45	6.6328716740
   46.63 22.19 26.61 17.58	7.0070456545
   48.46 22.60 27.69 18.05	4.9790255262
   48.71 23.71 27.39 18.51	5.7117272256
   52.18 24.73 28.23 18.41	6.0949108292
   51.69 25.25 28.46 18.72	5.2344034376
   52.34 26.18 29.22 19.58	5.1880407211
   55.30 27.16 29.56 20.74	4.8795680654
   45.22 20.57 26.35 17.33	3.5950161743
   43.89 23.63 27.38 16.73	4.4594451047
   45.18 20.80 26.73 16.75	5.0010434172
   46.46 22.42 26.57 17.21	5.5210690145
   49.58 24.58 27.04 18.47	4.2477609941
   38.93 18.00 24.14 15.11	5.0862401205
   42.03 20.79 24.60 16.50	4.5743921632
   40.99 18.23 25.59 15.60	4.2975394051
   43.54 21.22 25.41 17.19	4.0935017691
   45.79 23.54 25.66 17.69	4.9413415860
   46.64 22.33 26.30 16.74	6.0992008877
   45.25 19.83 26.02 16.32	6.3442222057
   39.60 18.54 23.82 14.94	4.1884741666
   42.94 22.25 24.84 16.84	3.9724481497
   38.51 18.91 22.87 14.96	5.3135232243
   40.24 20.24 23.74 15.80	7.3742532511
   48.57 25.01 27.51 18.91	5.2847071819
   41.28 23.00 25.66 15.84	3.0960976457
   41.37 20.36 24.75 16.24	3.5997478235
   43.89 22.34 27.08 16.39	3.6327341383
   42.85 21.44 25.17 16.70	5.9528103886
   35.62 17.63 23.88 14.34	6.4921177332
   44.55 23.94 25.92 17.18	5.1442660176
   42.48 24.40 26.25 15.72	5.8834809254
   41.97 22.65 24.63 16.16	6.2723378276
   49.17 26.65 27.74 18.80	5.4295042153
   44.67 21.06 25.65 16.34	6.5370274391
   38.30 16.50 23.76 14.51	3.6780344908
   44.04 21.74 25.91 17.16	4.5481695188
   47.15 23.63 27.31 18.22	5.4808769549
   47.66 24.11 27.29 18.27	6.3308619953
   30.98 10.50 21.31 14.87	5.1838382483
   39.24 17.58 24.91 16.11	5.0470740705
   29.56 12.29 20.15 15.47	5.6650318870
   48.34 25.94 28.42 18.30	4.2086239201
   29.63 13.58 20.48 15.46	5.4421418068
   44.51 20.52 26.53 17.58	4.4200271164
   30.70 15.36 21.54 14.99	4.8083528533
   31.74 14.94 22.12 15.07	4.2181968560
   30.51 12.35 21.00 14.80	4.3894454624
   45.19 23.17 26.71 16.94	5.8205100409
   30.47 16.67 22.19 14.27	4.3812235400
   30.80 13.55 21.77 14.88	5.6443050129
   47.13 25.55 28.24 18.09	4.9957583206
   29.66 14.82 20.88 14.77	6.5206963194
   31.17 13.70 21.51 15.33	4.5337679865
   42.24 21.48 25.85 16.30	4.3650995376
   29.49 14.24 20.86 14.65	4.2382143679
   44.29 25.65 27.09 16.15	4.6128709934
   48.54 26.58 28.34 18.08	5.5082375800
   44.60 23.59 27.10 17.06	4.1918845086
   39.02 18.42 24.87 15.38	7.4384631293
   42.67 21.62 26.61 16.08	5.0494239041
   28.72 15.62 20.81 14.65	3.4735497144
   50.95 29.23 29.74 19.54	2.6428713548
   29.10 13.74 20.54 15.10	5.9789075167
   48.70 27.48 28.57 18.03	4.6619775278
   44.44 23.81 25.75 16.68	3.9945854959
   43.66 21.26 25.32 16.42	3.0828887959
   52.67 26.37 28.20 19.39	2.6010055636
   45.94 20.46 27.09 17.85	3.8228414814
   47.83 21.86 27.58 18.54	4.8068328498
   29.69 10.75 20.06 15.68	2.7531855452
   30.21 8.55 20.40 15.60	4.9618415544
   28.99 9.15 20.18 15.02	3.8934567475
   30.43 11.14 20.42 16.54	3.8451835719
   29.83 12.63 20.78 14.69	4.6377946457
   29.59 11.41 20.27 15.32	3.4795188854
   30.09 14.93 21.57 14.01	3.5385242847
   40.84 21.36 25.18 14.94	3.7435561394
   48.61 25.59 28.41 18.23	4.7530314411
   29.64 10.47 20.06 15.24	3.0944650014
   51.81 26.46 29.11 18.52	4.9901698699
   47.45 25.28 27.83 17.46	4.7514545580
   49.30 24.26 27.80 19.26	5.2222820292
   43.75 19.99 25.76 16.25	5.2093741566
   29.48 10.84 19.95 15.42	5.3464082447
   30.14 15.43 21.39 15.09	4.4786970191
   29.96 14.46 21.29 14.31	3.8973414031
   51.97 29.52 30.22 19.92	3.8689858740
   30.15 11.39 20.67 15.26	3.8153011128
   29.96 14.22 21.13 14.99	3.8747279465
   30.35 14.32 21.63 15.34	3.9103899852
   48.48 26.46 28.44 18.46	4.8047284053
   48.97 25.52 28.02 19.11	3.7703963843
   43.45 22.25 26.20 16.27	4.6280225900
   49.37 26.37 29.69 18.76	4.9213330214
   44.60 23.52 27.82 16.60	5.8021599054
   47.66 25.10 28.15 18.49	5.4543174179
   30.47 16.72 22.21 12.92	3.5500380813
   29.64 11.24 20.12 15.41	5.2877594030
   46.25 23.01 27.54 18.23	5.8194340593
   28.89 12.41 19.98 14.82	4.6888182073
   42.73 22.54 27.12 16.57	3.2602856733
   29.42 12.30 20.47 13.76	3.6752655531
   30.34 11.60 20.64 15.64	5.3192829914
   30.77 14.56 21.58 14.57	6.0865728560
   46.99 27.26 28.73 17.75	1.2217172706
   30.49 15.21 21.52 15.18	4.5423908722
   29.71 15.39 21.19 14.77	3.1392081546
   47.11 27.99 28.95 16.83	3.5924379352
   29.80 13.10 20.53 15.75	2.9285046039
   29.72 14.43 20.84 15.69	4.4677059800
   45.37 26.73 27.51 16.75	3.0691780742
   29.46 13.00 20.32 15.27	4.6401780126
   29.95 14.15 21.19 14.26	4.9813083705
   30.14 11.99 20.46 16.19	9.7732492084
   30.44 15.92 21.76 15.19	1.1477973209
   30.42 14.32 20.99 16.34	6.0374228877
   29.24 11.89 19.89 15.67	5.3329000590
   29.48 11.39 19.79 16.43	5.9113274652
   49.14 25.86 27.86 19.66	8.6121834901
   29.56 11.87 19.74 16.90	7.2547858799
   30.09 14.43 20.83 15.89	7.7411583262
   41.80 19.56 24.76 16.11	7.9652280263
   30.05 13.94 21.07 14.40	9.4307799653
   29.39 12.49 19.92 16.17	5.8593685009
   29.92 11.68 20.24 16.05	5.7056056846
   52.65 27.23 28.59 20.72	7.6217414694
   54.78 28.32 29.01 21.36	5.7911906324
   30.02 11.99 20.22 16.58	6.3592504038
   29.90 9.69 20.55 16.19	8.9949250105
   29.31 10.22 20.05 15.98	9.3094407445
   48.84 23.78 28.13 17.25	8.1635895252
   30.09 10.83 20.47 15.81	6.1171267959
   48.67 25.90 27.99 18.80	7.3097309468
   30.73 13.18 21.10 15.96	8.0020959174
   49.09 26.43 28.54 18.64	7.8118686811
   45.17 22.94 26.68 17.10	11.1759446270
   51.86 26.64 29.28 20.30	9.0455873614
   30.22 11.44 20.37 16.44	5.3355894976
   29.37 7.76 20.57 15.20	7.4316578552
   30.70 9.29 21.46 14.76	7.0136203147
   29.24 11.83 19.96 15.42	7.1724640765
   29.98 10.42 20.32 15.96	9.2481228128
   30.66 10.48 21.18 15.39	6.6728053363
   29.71 12.48 20.08 16.51	8.7469140079
   42.69 19.32 25.97 15.77	8.7173893968
   30.42 9.21 21.14 15.21	6.0484982077
   29.81 11.44 20.26 15.67	7.2348784924
   44.54 21.96 26.36 17.48	7.0917897379
   29.81 9.92 20.24 16.16	7.6931669218
   30.00 9.65 20.65 16.06	7.4936485861
   29.85 12.35 20.14 16.59	8.2143548343
   48.76 26.67 27.96 18.79	7.1360201358
   30.71 12.43 20.95 16.45	9.2922040007
   30.79 14.61 21.30 16.46	10.5833983765
   45.30 22.09 27.16 17.14	7.0317788334
   50.13 24.47 28.16 19.04	7.9828044109
   47.33 21.60 27.64 17.39	9.1932299504
   30.57 10.07 21.13 14.94	7.0289032417
   30.16 10.77 20.32 16.52	9.7129529615
   30.37 12.02 21.02 15.16	6.8657862682
   30.16 12.73 20.54 16.29	8.1730525300
   29.59 11.55 20.12 15.64	7.7146749459
   29.47 8.40 20.28 15.10	7.9191856210
   55.78 29.48 29.57 21.83	12.3578724768
   29.64 11.26 20.13 15.60	6.3830787663
   30.30 12.26 20.73 15.59	6.8783194588
   29.45 10.66 19.70 16.19	7.8884597666
   29.21 11.72 19.79 15.77	8.2489459070
   29.79 13.01 20.58 15.56	10.3397362177
   48.55 27.75 28.25 18.51	7.6969294876
   29.69 15.45 21.06 14.82	7.0959196298
   29.21 14.17 20.69 14.46	6.8922020282
   57.38 32.59 31.82 23.04	9.0836014840
   41.33 22.45 24.76 15.94	9.8963516114
   30.36 13.75 20.88 15.77	8.4459606181
   29.37 13.26 20.63 15.48	7.0797020315
   31.58 17.90 22.55 14.49	6.7412742599
   29.81 15.65 21.20 14.61	8.5231580601
   47.97 26.42 27.70 18.65	7.1595448790
   29.96 14.33 20.71 16.02	9.0052721149
   29.88 15.46 21.42 15.29	7.6850050142
   30.55 11.64 20.84 15.65	7.6086134524
   46.74 26.37 27.44 18.21	7.3779094542
   30.23 10.87 20.31 16.72	9.3475386617
   31.07 12.17 21.29 15.81	7.7589844907
   29.28 12.10 20.02 15.93	9.2306445177
   51.34 27.67 29.92 19.91	9.4780476650
   44.25 25.09 27.06 16.79	11.1383109635
   55.31 29.02 32.18 23.71	6.9424217730
   59.95 31.64 33.29 26.23	8.9458164776
   29.48 13.09 20.26 15.61	7.2157823871
   29.83 14.15 20.86 15.00	9.6890774136
   46.09 22.27 26.52 17.37	7.4421153898
   41.94 21.88 25.40 15.73	8.6525127306
   46.03 26.69 27.90 16.95	7.4964933576
   30.44 14.33 21.18 16.19	7.8250230860
   29.82 12.60 20.54 15.34	5.3906181526
   45.17 23.43 26.89 17.41	7.1867724768
   30.06 11.39 20.49 15.55	9.5111911417
   30.31 12.58 20.65 16.27	7.8900188108
   30.84 18.59 22.75 13.91	6.6955405531
   30.04 15.00 21.08 15.62	7.6071043718
   30.29 11.01 20.75 15.50	10.2221506619
   29.69 13.87 20.79 15.00	8.7934610068
   47.40 25.27 27.48 18.68	8.9879936094
   31.36 10.79 21.87 14.48	7.4240762500
   30.20 11.92 20.39 16.48	8.8842151014
   30.60 12.34 20.95 15.89	9.3249430062
   44.48 21.73 26.55 16.94	7.9164197103
   29.73 13.59 20.51 16.14	10.8927450035
   30.42 12.31 20.88 15.74	6.9671353330
   51.63 27.74 29.05 20.25	9.7515628775
   45.32 21.06 26.61 17.53	11.2268860753
   31.19 15.47 21.91 15.52	9.6834811376
   30.10 12.56 20.70 15.44	6.2872251983
   48.70 24.69 27.83 18.85	7.5834438536
   29.82 11.31 20.10 16.44	6.6524794249
   30.57 12.85 20.80 16.73	9.3305220332
   44.04 22.99 27.75 15.63	8.7690451436
   46.02 24.85 29.14 16.58	8.0124667619
   29.65 14.87 21.69 13.71	10.9083251702
   44.24 21.98 28.57 16.08	13.5176675368
   42.85 22.66 26.52 15.27	11.3975730944
   28.89 11.71 20.93 13.74	10.7348334937
   38.87 19.01 25.03 13.67	9.9700769848
   43.14 22.97 26.82 15.00	13.8215413814
   29.34 13.11 20.95 14.06	12.1316419345
   29.92 9.55 20.19 15.60	12.9095429691
   42.69 20.09 25.60 15.97	12.4137571191
   40.10 19.76 24.64 14.47	9.1757450117
   44.76 23.26 26.66 16.21	14.6427855981
   29.54 13.38 20.89 14.08	9.8529052152
   41.87 20.80 26.00 15.36	13.7799321422
   45.26 22.90 26.13 16.66	12.6252723304
   41.37 20.12 26.26 15.17	10.9374775597
   39.36 18.06 25.13 14.51	11.8514545239
   45.37 22.51 26.93 16.70	14.3089503094
   48.21 23.87 27.44 18.01	4.7716883113
   41.44 19.77 25.79 15.61	4.3838742902
   45.19 21.60 26.11 16.84	3.4126529958
   45.22 24.49 27.20 16.48	11.4297599857
   44.58 22.39 26.53 15.67	8.2564099126
   42.72 20.33 26.37 15.66	11.9608284478
   30.51 14.17 21.88 14.19	8.0816792686
   44.42 22.67 27.43 15.82	10.2082922537
   43.58 21.64 26.94 15.28	7.0163179345
   46.59 24.67 26.97 16.08	8.6709464839
   46.60 26.04 28.76 16.22	11.6212893799
   30.77 13.19 21.59 14.52	10.1342656703
   30.78 13.93 22.01 14.05	14.3941843792
   41.39 21.81 26.38 14.83	10.9998207675
   30.19 11.99 20.60 15.61	11.0324493174
   30.19 10.54 20.91 15.60	14.8427549324
   40.68 19.88 25.27 14.52	14.5310472021
   44.07 24.94 27.46 15.50	10.5129291255
   49.56 25.97 27.87 18.12	12.6277563439
   46.08 23.60 27.36 17.69	14.4649750882
   30.65 15.26 22.33 14.67	13.6001280634
   41.50 22.73 26.08 14.54	11.2422693044
   32.30 15.67 22.73 14.97	12.5658021867
   47.48 28.07 29.12 16.97	11.9787056661
   44.40 26.14 28.07 15.77	14.3764560813
   31.56 15.77 22.67 15.81	14.4322093649
   37.15 20.42 25.56 14.29	13.6977219423
   41.34 22.55 26.31 14.88	10.7027920571
   30.66 13.75 21.39 15.24	13.3898937426
   30.28 14.14 21.55 15.03	13.5388727653
   38.24 20.94 25.57 13.69	17.7613218688
   45.54 26.63 27.99 16.15	13.6694735535
   30.79 12.94 21.36 15.10	16.9373289939
   48.13 24.44 27.38 17.76	15.1340986649
   39.30 22.57 25.49 13.83	14.0853197700
   42.78 22.84 26.55 14.92	12.3230054146
   42.08 22.29 26.18 15.13	14.3197699002
   30.73 11.87 21.20 15.19	12.8730940533
   30.23 13.18 21.00 15.27	13.6105917710
   46.38 23.30 27.66 16.84	13.2605208049
   30.12 12.22 21.10 15.15	12.7894566224
   30.07 11.30 20.59 15.45	8.6754362661
   31.10 11.98 21.47 15.18	11.3503320282
   30.66 13.37 21.69 14.52	12.2856329066
   59.55 31.04 34.69 26.09	13.4076624844
   42.35 21.13 25.35 15.56	14.7254392845
   30.55 13.24 21.35 14.96	12.0172289696
   29.50 12.44 20.86 14.78	17.4938353901
   52.45 27.55 30.16 19.68	15.6719907664
   48.17 26.62 29.16 17.72	14.7964589301
   30.26 13.21 21.39 15.26	18.6660152154
   29.82 16.95 21.98 13.82	15.7069258282
   53.06 28.50 30.46 20.47	13.6932338176
   30.29 12.48 21.07 14.70	18.3148332570
   44.41 26.18 27.62 15.75	13.9632202822
   29.73 11.23 20.14 15.71	10.9386393325
   46.55 25.84 27.57 16.74	12.8648822854
   29.14 13.38 21.00 14.47	11.9163680242
   35.56 18.50 23.72 13.79	13.8086220986
   41.32 21.85 25.31 14.87	16.3547674090
   40.15 20.12 24.82 14.84	11.7879225637
   29.68 13.66 20.87 14.81	13.1974665463
   46.84 26.07 27.56 16.98	12.1099832158
   40.22 22.42 26.65 13.62	12.5912109488
   42.45 20.51 25.15 15.67	15.6846521921
   42.45 21.11 25.17 15.39	14.2341366025
   45.11 22.88 27.50 15.92	16.0147678783
   44.92 23.81 27.75 15.93	11.6351754778
   48.11 23.82 27.72 16.96	13.8169684656
   46.28 23.72 27.33 16.61	12.3533231382
   41.30 19.91 25.23 15.28	11.7424719425
   42.97 21.13 25.83 15.53	11.4631849512
   36.75 20.12 24.43 14.43	9.3999827676
   46.22 24.40 27.35 16.44	13.4251815458
   42.81 19.37 25.65 15.84	13.3606641142
   44.38 22.53 26.86 16.08	13.1279566038
   29.64 11.31 20.60 14.73	8.0269000749
   47.64 22.82 27.02 17.30	13.7281051670
   45.54 22.81 27.37 17.01	11.2140355881
   31.17 8.79 21.09 15.95	11.6913006337
   43.01 22.57 26.75 15.73	14.9758997700
   40.63 19.00 25.40 14.65	13.9474191084
   47.23 23.09 27.35 16.88	14.8240299515
   30.08 12.02 21.52 14.81	9.0202071837
   42.16 22.54 26.07 14.86	10.0720280597
   32.38 12.27 22.50 14.63	15.7502671721
   31.17 10.22 21.24 15.84	13.3152998128
   37.86 20.04 25.12 13.54	11.2805776246
   43.28 23.53 27.86 15.00	13.0448094799
   48.88 24.32 29.33 17.54	15.4944737731
   51.80 29.20 30.56 18.90	13.1057965399
   46.43 22.08 28.31 16.72	18.5527308563
   30.94 12.17 21.70 14.09	12.7974787176
   38.71 18.39 25.02 14.04	14.6068514361
   30.58 11.84 21.37 15.40	12.8065032143
   45.09 24.11 27.73 15.62	15.3747337634
   30.61 12.11 21.36 15.19	15.8645192532
   30.80 10.70 21.19 14.86	16.0516979680
   45.10 22.39 27.35 16.22	15.2938666196
   31.74 11.30 22.04 14.09	14.6831962733
   45.89 24.34 28.31 16.54	10.7634420893
   30.62 11.99 21.24 14.79	12.5574724136
   52.32 25.20 35.87 28.62	12.0114389802
   30.72 11.96 21.43 15.02	14.8552434326
   30.68 14.11 21.57 14.92	14.8175004609
   41.77 21.17 26.19 15.15	14.4722784814
   31.06 12.31 21.42 15.22	14.7165242368
   30.98 13.62 21.91 13.89	11.0022406821
   30.09 12.78 21.17 14.51	10.1022795154
   31.19 13.31 21.96 14.64	10.8111309035
   30.58 14.38 21.58 14.12	11.0356208881
   41.49 21.16 25.79 15.03	14.9647339801
   46.54 26.20 28.84 16.38	9.5323910829
   30.68 11.38 21.07 15.16	13.1245001960
   45.20 21.90 26.51 16.66	13.3874237110
   29.61 10.97 20.08 15.77	13.3457215095
   49.33 26.27 29.06 16.93	12.2364620611
   42.99 21.45 26.08 15.69	16.3583586830
   47.19 24.31 27.15 17.22	13.9016047702
   49.33 23.64 29.17 17.52	15.1687223657
   47.88 22.68 27.20 16.96	11.9859458651
   49.36 23.59 27.53 18.11	17.2577519669
   30.75 13.89 22.00 14.02	16.1156032123
   45.78 21.14 28.03 16.04	12.4668332556
   43.80 20.25 26.66 15.39	10.7351624161
   48.97 25.72 28.65 17.33	13.5369667880
   42.24 22.75 26.60 15.06	11.2838500660
   29.09 15.46 21.61 14.04	13.6785601443
   45.70 26.19 28.11 16.32	11.4673869738
   50.67 27.81 29.36 18.52	11.3198569999
   32.26 15.45 23.05 12.85	12.1015892322
   41.13 24.03 26.84 14.31	13.8130393898
   29.69 18.18 22.52 13.05	13.9066413050
   29.91 13.87 21.69 13.95	10.3819608919
   43.57 23.26 27.11 15.85	11.6103199348
   44.94 24.41 27.85 15.79	15.5309958035
   29.90 13.83 21.33 13.93	14.7879957633
   29.98 11.60 20.64 15.51	12.4299664370
   42.52 22.09 25.98 15.39	10.5944709994
   29.83 10.65 20.41 14.45	14.4649651882
   29.51 14.74 21.16 13.94	11.8063615659
   31.00 11.91 21.47 14.69	13.6087393892
   42.72 21.74 26.02 15.66	13.0563343597
   31.53 11.96 21.76 14.91	12.8748729607
   30.48 11.97 21.08 14.60	13.0793052181
   31.42 15.08 22.41 13.81	11.9591180268
   30.41 15.22 21.78 14.29	11.0123503469
   29.88 11.74 20.46 15.46	12.0019188372
   41.50 19.11 24.53 15.77	13.9409734098
   30.73 12.62 21.29 14.89	15.5504546192
   36.08 16.95 22.83 14.26	13.4586231119
   39.03 17.29 24.27 15.36	17.4200661935
   30.25 11.81 20.68 15.80	17.5031125226
   45.41 22.50 26.75 17.20	15.8072116884
   36.28 17.01 23.09 14.48	13.2694267210
   47.74 24.05 27.67 17.09	15.4222634784
   43.36 21.50 26.16 16.01	17.4410699285
   31.24 10.35 21.14 15.88	11.1584017921
   31.10 12.88 21.71 14.50	16.8802735750
   30.12 13.67 21.69 14.48	14.3021317776
   45.57 23.86 28.33 16.74	14.3148790482
   46.91 24.50 28.19 17.27	15.4505425296
   42.37 21.23 26.20 14.04	14.8009133527
   29.93 12.77 20.96 15.15	14.8646772207
   41.79 21.87 25.85 15.09	14.6141940342
   29.76 11.48 20.55 15.35	18.0693068091
   30.69 11.58 21.28 14.60	15.3757461148
   43.44 21.10 25.27 16.03	14.0932404826
   40.79 21.93 25.86 14.47	14.4875471179
   42.44 19.43 26.41 14.45	16.3528039253
   46.62 20.90 26.61 15.83	18.1439549511
   48.33 22.96 27.48 17.96	15.2059703435
   30.22 3.85 21.50 13.51	16.0662306730
   41.99 18.56 25.01 14.23	14.2457800328
   44.03 19.42 25.41 16.19	13.9438809593
   30.40 13.20 21.43 14.41	10.8963725787
   45.52 20.35 26.35 16.88	14.1193972733
   45.46 21.33 27.66 16.78	15.3347577646
   29.86 12.86 21.11 14.36	12.9212291522
   29.75 9.34 20.00 15.46	17.2789297720
   41.06 19.57 25.26 15.02	14.4665534622
   50.23 24.04 28.64 18.42	19.4434699769
   30.23 11.08 20.90 14.62	18.8658663733
   30.44 12.30 21.81 14.75	12.8396975222
   30.87 9.16 20.96 15.39	17.0047778931
   42.19 20.04 25.32 15.92	16.6185178707
   45.47 21.78 26.95 17.00	17.1178065992
   29.97 10.13 20.43 15.10	14.6435499624
   43.36 22.39 26.18 15.05	16.2371616403
   41.09 22.03 25.68 14.48	15.6442570162
   43.62 22.18 25.97 16.27	14.7236706018
   46.93 22.89 27.37 17.78	14.3322881576
   40.74 22.83 26.25 14.15	19.4162754468
   42.13 24.37 26.87 14.80	12.7611236794
   46.71 24.48 28.46 16.85	17.4968163318
   41.73 19.14 24.71 14.43	15.4551662251
   43.61 24.01 27.08 14.86	15.5515061537
   42.12 21.36 25.99 14.90	13.9400857601
   42.89 21.63 26.50 14.80	15.3178648633
   45.87 24.26 28.23 16.21	16.4093950449
   41.36 21.20 25.81 14.63	16.4250311977
   40.05 19.53 25.28 14.25	15.5098544798
   41.45 21.62 26.56 14.52	14.6324325148
   46.60 22.01 26.90 16.98	12.5258082682
   44.17 22.69 26.12 16.26	14.8530746444
   30.65 10.74 20.82 15.72	13.8429302561
   46.57 23.05 27.88 17.47	13.4314676479
   44.21 23.63 26.96 15.47	16.1918376064
   31.43 11.28 21.69 14.46	15.9054528845
   46.39 20.95 26.69 16.94	18.3100130076
   30.15 14.19 21.56 13.99	16.2176870480
   31.57 12.82 22.21 13.93	14.6090273172
   32.98 9.52 22.95 13.38	17.0148238843
   29.54 14.60 20.87 14.48	13.4813563798
   47.07 26.76 28.25 17.14	14.3835392494
   30.15 11.39 20.67 14.84	11.1865562829
   29.39 12.56 20.44 14.56	12.4092236244
   49.16 25.23 27.83 19.05	13.3650553994
   44.04 24.15 26.44 16.78	13.8891908003
   50.34 26.62 27.98 18.17	8.4223817467
   30.43 13.78 21.23 15.57	10.3224466244
   30.42 14.88 21.67 14.16	10.0287546315
   29.04 14.84 20.70 14.00	8.9950009026
   29.42 14.02 20.77 14.94	8.3169765626
   44.83 26.91 27.85 16.51	10.5897927035
   28.81 14.86 21.05 13.99	10.3752037046
   30.84 17.02 22.06 15.11	13.8261631820
   30.28 15.63 21.49 15.48	15.8800030478
   40.91 23.94 27.42 15.46	11.9324300641
   44.37 24.05 26.47 16.82	13.3186560655
   44.97 26.25 27.14 16.31	11.5036693659
   53.37 30.68 30.61 20.77	9.7202620077
   29.88 14.75 20.99 15.13	14.4611123796
   38.77 23.37 26.16 13.76	12.2159071188
   48.51 27.62 27.99 18.03	13.2885731664
   44.97 24.09 26.18 17.01	12.9789720416
   39.06 21.36 24.53 14.72	15.6346631374
   43.46 22.65 26.17 16.04	14.9715755739
   43.13 21.27 26.21 14.51	13.8116124023
   30.15 13.29 21.11 14.58	9.3324611019
   29.81 19.12 22.50 13.99	13.3844192373
   29.81 11.13 19.91 16.66	12.9704480780
   30.85 13.95 21.27 16.07	12.2350340866
   50.13 28.80 28.73 18.79	14.7334150145
   46.40 26.93 27.51 17.51	12.5969453323
   30.61 17.11 21.76 16.23	13.8550458734
   51.41 28.06 29.58 19.21	12.0932546943
   31.72 13.93 21.90 16.51	12.8444388104
   41.03 17.99 29.88 19.29	9.5384584138
   42.52 21.12 31.95 22.30	13.3133569166
   30.45 11.72 20.62 16.27	15.7012090460
   46.93 26.76 28.60 17.54	12.5675604618
   30.27 12.98 20.92 15.60	12.1157369112
   30.11 15.48 21.68 15.25	13.9897548089
   29.03 16.41 20.77 15.19	13.9556528007
   30.74 13.66 21.52 14.94	12.4778728422
   46.85 25.88 27.56 17.53	14.6635252932
   29.68 12.99 20.45 15.48	9.4813247198
   29.39 13.31 20.28 15.25	11.1787578739
   30.55 13.96 21.54 15.23	11.7452491870
   45.95 24.79 27.61 17.40	9.4766561102
   45.23 25.75 34.87 24.91	12.7045085692
   31.70 18.44 22.92 15.33	12.1898940817
   58.88 30.58 37.22 28.81	15.0204309708
   46.25 27.53 28.14 17.36	13.7700491561
   31.24 16.26 22.28 15.24	12.3996595939
   31.06 16.46 21.94 14.48	11.4910249245
   40.93 19.45 30.51 19.12	12.1891768548
   47.52 28.48 29.05 17.21	15.3542704502
   30.64 14.08 21.22 15.55	14.7294272922
   45.55 26.84 28.67 16.44	13.9745234439
   66.18 36.54 38.72 31.34	14.6623543213
   41.64 23.78 26.80 14.74	13.0395500062
   42.34 19.11 30.40 18.08	14.2443693061
   49.69 27.27 29.22 18.36	12.0761641620
   31.12 12.59 21.35 15.68	11.0096063652
   44.09 21.39 31.83 22.57	12.9417614007
   58.22 30.95 36.06 26.88	14.3515821391
   39.76 22.48 25.69 15.47	14.9266497616
   30.70 14.54 21.68 15.18	15.2791767874
   31.43 15.41 22.52 14.82	15.1787926749
   30.39 14.79 21.56 15.60	13.3388368245
   43.90 25.33 28.17 15.94	9.5853521653
   59.13 30.13 35.83 27.75	14.9659758563
   44.56 24.72 27.58 16.35	12.8875724127
   66.12 36.36 37.57 30.05	14.2516423034
   30.52 16.63 22.15 15.53	13.1424301126
   42.93 19.04 30.98 21.22	12.2915919460
   56.23 28.24 34.31 26.85	10.8246080492
   43.86 24.00 26.37 16.80	10.5283489864
   62.04 31.83 36.90 30.86	11.8923788621
   42.81 21.00 32.96 23.46	10.0456910268
   59.03 31.14 36.87 29.23	13.1057670829
   59.90 30.32 38.08 31.60	14.7801034085
   67.20 37.79 38.82 31.52	9.4031467381
   49.82 28.33 28.67 18.39	10.3837822621
   30.44 12.80 20.97 16.29	10.4888242437
   31.31 13.58 21.63 16.06	8.7349091100
   59.15 31.03 37.25 29.44	9.0973037035
   58.48 31.41 36.23 26.99	9.3077580040
   40.58 18.57 30.90 19.85	9.2229413414
   55.71 29.55 35.66 27.36	13.4455388044
   59.15 33.36 36.41 26.86	12.0508530148
   57.92 31.70 36.98 28.92	14.5765293570
   61.38 37.11 36.30 26.01	15.9465314307
   69.64 40.50 39.33 31.66	13.8496148181
   57.94 30.60 35.01 26.61	11.8078005699
   44.14 21.44 32.32 22.84	13.4310881059
   43.05 20.89 32.03 21.44	12.2747662298
   31.19 12.98 21.64 15.78	12.3816881217
   29.85 16.97 21.65 14.81	13.6073246971
   29.86 14.93 21.40 15.18	11.4931208689
   29.90 13.23 20.80 15.54	10.6734237190
   30.75 13.67 21.45 15.26	13.2367797779
   47.93 22.20 32.48 22.23	14.2855410080
   30.93 16.16 22.37 14.92	12.7338894727
   47.42 24.38 33.57 24.47	12.1436790844
   30.54 15.17 21.83 15.45	9.8563297495
   42.49 21.15 32.17 21.76	11.6694675669
   29.39 16.18 21.55 14.98	15.7142171793
   44.32 25.10 27.32 16.43	11.9316390084
   42.15 23.16 26.19 15.83	13.1229689650
   28.80 13.66 20.83 14.98	9.8951175943
   44.05 22.91 26.63 15.98	12.0757745040
   30.29 14.62 21.55 15.44	12.7620626658
   46.65 27.11 27.98 17.45	11.8111014128
   29.46 14.88 20.92 15.43	17.4333445473
   42.88 21.70 31.03 21.67	12.7793917118
   58.20 31.28 38.15 31.71	13.6508496289
   30.45 15.65 21.87 14.83	13.0824781497
   63.24 35.10 35.18 27.87	12.0157150816
   30.05 16.43 21.62 15.30	12.8137984136
   43.67 20.54 25.86 15.65	13.3237450516
   40.99 18.39 24.82 14.47	11.3067261130
   43.97 20.44 26.32 16.21	11.4599953930
   31.06 14.01 22.27 13.62	13.3715882437
   29.07 14.08 21.33 13.46	13.2401853335
   29.78 10.56 20.56 14.53	15.1751790926
   46.67 24.06 27.25 16.85	17.2204594183
   43.25 22.11 26.97 15.20	14.5097977988
   30.06 7.63 20.45 13.97	12.8506098392
   30.20 8.41 20.63 14.20	14.9911041186
   29.83 10.50 20.87 14.10	15.5097217297
   30.23 13.31 21.64 12.76	12.2967924859
   44.06 19.81 26.62 16.43	15.3325505229
   45.80 24.56 28.38 16.11	10.5375635728
   30.05 11.37 20.98 13.98	14.6410577399
   29.51 13.70 21.44 12.91	15.9759771203
   44.13 24.05 28.39 14.97	12.0752851883
   29.35 16.57 22.20 11.72	12.6469373407
   29.75 16.01 22.15 12.04	13.7102235736
   29.74 9.78 20.53 13.92	17.0433497112
   31.14 11.09 21.85 13.60	9.9019407248
   46.29 25.12 27.63 16.48	14.9547774704
   29.21 9.48 20.01 14.15	10.5154901201
   29.97 10.35 20.69 14.16	10.3300558699
   28.77 12.95 20.56 13.19	12.3523506972
   46.18 24.63 27.10 16.63	12.5224260165
   29.95 10.21 20.73 14.12	13.9771460596
   40.10 17.38 25.13 13.52	10.9231851257
   45.55 21.45 26.21 17.01	11.8340374009
   52.39 27.57 28.91 19.73	12.0109495908
   29.97 8.60 20.42 14.15	14.8997614389
   29.05 11.26 20.45 13.47	15.6170378235
   29.00 11.10 20.51 13.85	10.2933600921
   30.01 13.87 21.80 13.20	12.2893936610
   28.88 12.11 20.59 13.09	10.7733348524
   29.90 11.97 21.08 13.58	15.5501782735
   29.78 10.85 20.62 13.97	13.5044670101
   45.59 22.72 26.84 16.49	11.7205771284
   30.12 11.45 20.87 14.43	15.0745584102
   29.17 11.72 20.57 13.94	13.9644357741
   44.10 22.93 26.73 15.93	11.3221689477
   29.16 13.32 20.86 13.90	16.9519501026
   29.59 9.84 20.33 14.24	12.6036506669
   28.69 13.44 20.92 12.97	16.6884538128
   30.07 13.26 21.91 12.67	12.8929869219
   29.18 14.85 21.59 12.67	15.6073531555
   49.06 26.25 28.49 17.48	15.2789050967
   29.58 13.22 21.17 13.65	8.9494497732
   45.76 25.83 27.56 16.26	12.9800139292
   28.84 13.44 20.81 13.04	7.6886848304
   29.50 13.70 21.32 12.59	10.6836040848
   30.14 14.59 21.78 12.51	11.5184843598
   46.77 24.74 28.21 16.99	14.3419874759
   29.86 10.12 20.79 12.46	13.5738263568
   28.84 12.38 20.67 13.45	13.1033815061
   30.55 10.88 21.16 14.13	15.0299556138
   30.27 11.05 20.93 13.89	13.5825368751
   29.77 14.59 21.72 12.54	13.1753391956
   29.92 11.24 20.79 14.38	15.9664948068
   28.97 11.38 20.26 13.45	13.1693706538
   29.90 14.58 21.92 12.93	14.9580827747
   30.65 11.70 21.47 13.25	16.1294110724
   29.38 10.53 20.21 13.76	13.4039017679
   30.01 8.23 20.31 14.43	13.8171341004
   29.24 11.02 20.35 13.92	13.7751820858
   28.45 12.12 20.56 13.27	12.1948936083
   29.03 16.29 22.14 11.69	15.4262302277
   29.89 9.71 20.63 13.43	13.3301872340
   28.99 10.86 20.34 13.95	13.6761040049
   28.97 12.20 20.40 13.33	10.4406337624
   30.25 12.90 21.30 12.93	12.7929087927
   50.07 28.62 28.76 17.93	13.2818860692
   30.18 11.96 21.21 13.57	12.9455429646
   28.31 14.06 20.72 12.78	13.2661571063
   28.65 14.16 21.42 12.35	13.4455572158
   29.65 14.69 21.58 12.22	16.4722108540
   29.09 11.63 20.60 13.52	11.0129147689
   29.27 12.16 21.01 13.17	8.7338264169
   29.70 12.69 21.03 13.71	13.9072928348
   29.15 10.61 20.44 13.65	11.4597026161
   30.97 10.15 21.33 13.54	10.8856308971
   29.40 9.98 20.29 13.76	11.4608741090
   29.56 9.31 20.98 14.06	11.9998215639
   29.68 11.84 21.16 13.74	11.8203500546
   29.03 11.55 20.28 14.41	15.3055660733
   29.18 13.54 21.58 13.56	12.7890997767
   28.99 11.96 20.51 13.57	13.4529362065
   29.09 11.56 20.21 13.14	9.3539368690
   28.81 13.52 20.99 12.13	11.1438671416
   29.72 13.49 21.68 11.44	11.0046723160
   30.29 11.12 21.13 13.59	15.3822371521
   28.87 12.57 21.09 12.33	10.4999774262
   28.72 14.34 21.44 10.95	11.8444643051
   29.48 10.82 20.50 13.96	14.4556076146
   30.84 10.76 21.53 11.71	8.6795555921
   29.24 14.16 21.04 13.36	12.6565004754
   30.08 13.39 21.65 13.09	10.7761778872
   28.55 13.84 21.17 12.37	14.6464405628
   29.65 14.11 21.66 12.94	14.0471298554
   28.72 13.62 21.15 12.40	15.5055791057
   29.27 13.88 21.10 13.25	17.1748428770
   49.67 26.69 28.75 18.19	16.6698877940
   30.53 12.30 21.43 13.22	14.3971512195
   29.46 13.07 21.01 13.09	12.4944761732
   28.76 11.95 20.58 13.88	16.5579182231
   29.87 11.63 20.71 13.87	12.0661819827
   29.04 12.79 20.77 13.08	16.2049987540
   29.44 11.84 21.24 13.36	13.1542111728
   29.80 10.92 20.82 14.40	12.0637246472
   29.30 15.53 21.96 12.14	12.9530461114
   28.81 15.02 21.20 13.12	14.2238314192
   28.24 10.82 20.23 12.97	13.5487688731
   28.60 14.73 21.27 12.68	13.1032233047
   31.04 14.28 22.22 11.66	13.9167655669
   27.82 9.63 19.52 13.46	15.0517746510
   28.34 13.58 20.65 13.25	18.9518447899
   27.84 9.23 20.14 13.33	14.6883352362
   43.93 23.26 26.11 14.99	14.0112461286
   44.39 23.69 26.62 15.40	14.2817681969
   27.88 14.03 20.42 12.55	12.7230276371
   28.11 11.65 20.13 13.39	12.8470962542
   28.68 13.30 21.00 13.06	13.6490181103
