# PDB_Name avg_angle std_angle avg_tilt std_tilt
7VD5_17.pdb          23.61 12.24 26.28 7.22
6J3Y_14.pdb          27.26 7.85 29.94 13.03
6J40_12.pdb          27.24 7.86 29.93 13.01
9KQB_g.pdb           35.32 16.18 28.16 5.92
9KQB_1.pdb           58.13 31.59 37.03 22.24
6J40_13.pdb          27.75 7.41 29.82 13.20
7VD5_16.pdb          31.00 7.11 24.28 9.28
6L4U_1.pdb           30.32 2.83 22.11 11.08
6J40_11.pdb          27.27 7.84 29.95 13.05
9KQB_2.pdb           53.83 21.60 32.99 19.53
6J40_38.pdb          28.24 5.78 30.35 15.71
7VD5_39.pdb          28.17 2.46 19.91 11.98
8IWH_9.pdb           39.87 21.25 28.61 10.91
8W4O_6.pdb           30.31 17.17 25.28 4.85
6J3Y_12.pdb          27.75 7.40 29.82 13.21
6J40_14.pdb          27.74 7.41 29.82 13.20
9KQB_6.pdb           56.56 32.07 38.60 21.87
9KQB_7.pdb           55.67 29.48 36.35 20.91
8W4P_3.pdb           57.45 38.47 40.05 22.85
6J40_15.pdb          27.08 7.49 29.39 13.58
6J3Y_13.pdb          27.74 7.41 29.81 13.20
8W4O_7.pdb           29.71 18.05 25.20 4.46
8IWH_8.pdb           41.82 22.68 29.98 11.93
7VD5_12.pdb          28.49 9.58 23.24 7.89
6J3Y_11.pdb          27.75 7.41 29.82 13.20
8W4O_5.pdb           28.10 0.20 22.90 8.17
6J40_17.pdb          23.58 11.71 27.52 8.72
8W4P_p.pdb           59.32 18.91 31.66 23.06
9KQB_5.pdb           54.66 30.40 37.72 20.30
6JLU_8.pdb           42.29 12.37 30.28 12.93
9KQB_4.pdb           53.85 26.06 38.00 18.23
6J40_16.pdb          48.76 17.57 32.86 18.77
8J7Z_A.pdb           65.21 30.81 38.96 29.30
6JLU_18.pdb          55.05 24.09 36.71 21.64
7VD6_19.pdb          27.68 2.18 19.73 11.54
8J5K_8.pdb           57.50 38.59 40.08 22.90
8J7Z_B.pdb           65.11 30.61 38.76 29.21
6J3Z_18.pdb          28.21 5.79 30.34 15.68
8J7Z_C.pdb           65.36 30.95 38.88 29.37
8JP3_A.pdb           28.77 6.90 22.77 9.17
7VD6_20.pdb          30.33 8.59 24.63 8.59
8JP3_B.pdb           28.70 6.90 22.70 9.15
8JP3_C.pdb           28.78 6.97 22.81 9.14
7VD6_21.pdb          39.90 12.66 26.01 12.16
7VD5_41.pdb          41.16 13.38 26.40 12.69
8J5K_0.pdb           28.10 0.20 22.90 8.17
6J3Z_13.pdb          27.74 7.41 29.81 13.19
6JLU_11.pdb          46.94 16.14 31.31 16.85
6A2W_1.pdb           29.20 3.58 21.61 10.72
6J3Z_12.pdb          27.74 7.41 29.81 13.19
8J5K_1.pdb           30.31 17.17 25.28 4.85
8J5K_P.pdb           59.32 18.91 31.66 23.06
7VD5_40.pdb          42.90 21.89 34.25 16.95
8J5K_3.pdb           57.52 38.60 40.09 22.91
6JLU_12.pdb          43.58 19.70 31.77 14.44
7VD6_12.pdb          28.03 10.02 22.96 7.57
6JLU_13.pdb          44.45 14.49 30.25 13.83
6J3Z_11.pdb          27.27 7.84 29.95 13.04
8J5K_2.pdb           29.71 18.05 25.20 4.46
8J5K_6.pdb           30.31 17.17 25.28 4.85
6J3Z_15.pdb          27.08 7.49 29.39 13.57
6JLU_17.pdb          42.02 17.40 31.45 13.91
7VD6_16.pdb          31.00 7.74 24.48 9.03
8WCL_1.pdb           29.86 2.95 21.75 10.61
7VD6_17.pdb          22.64 13.17 24.92 6.16
6JLU_16.pdb          43.07 17.63 31.53 14.28
6J3Z_14.pdb          27.27 7.84 29.96 13.05
8J5K_7.pdb           29.71 18.05 25.20 4.46
8J5K_5.pdb           28.10 0.21 22.90 8.17
6J3Z_16.pdb          48.75 17.57 32.86 18.76
6JLU_14.pdb          59.26 27.91 37.09 25.20
9KQB_GG.pdb          35.32 16.18 28.16 5.92
6JLU_15.pdb          30.11 12.66 24.64 6.71
6J3Z_17.pdb          23.57 11.72 27.52 8.71
7VD5_36.pdb          31.00 7.11 24.28 9.28
8IWH_6.pdb           28.24 11.28 23.02 8.53
6J40_33.pdb          26.88 8.07 29.61 12.65
8WCK_3.pdb           39.76 22.94 33.52 13.93
6JLU_5.pdb           55.48 26.88 37.26 21.93
6JLU_4.pdb           42.49 16.00 30.86 14.50
9KQB_8.pdb           53.49 21.34 33.12 19.05
8WCK_2.pdb           46.28 22.59 30.65 14.15
6J40_32.pdb          26.90 8.05 29.63 12.56
6J3Y_34.pdb          27.26 7.85 29.95 13.03
8IWH_7.pdb           33.09 7.46 21.92 7.48
7VD5_37.pdb          23.51 12.44 26.23 7.08
7VD5_21.pdb          41.17 13.38 26.40 12.69
8J0D_3.pdb           51.15 12.75 29.27 19.38
8IWH_5.pdb           27.90 16.27 24.78 4.87
6J40_18.pdb          28.22 5.78 30.34 15.69
6JLU_6.pdb           42.88 17.81 31.47 14.30
6JLU_7.pdb           42.73 17.20 31.18 14.07
8WCK_1.pdb           47.79 23.65 31.23 15.05
6J40_31.pdb          26.89 8.06 29.62 12.67
8IWH_4.pdb           35.96 20.53 28.31 7.64
7VD5_20.pdb          42.91 21.90 34.25 16.95
8IWH_0.pdb           32.83 6.97 22.08 7.44
8J0D_6.pdb           30.29 2.36 21.67 11.65
6J3Y_33.pdb          27.75 7.41 29.82 13.20
6J40_35.pdb          27.09 7.49 29.40 13.59
6JLU_3.pdb           43.48 14.95 30.28 14.78
6JLU_2.pdb           43.71 15.33 30.52 14.98
8WCK_4.pdb           46.23 22.55 30.64 14.11
6J40_34.pdb          26.87 8.07 29.61 12.65
6J3Y_32.pdb          27.75 7.41 29.82 13.21
8J5K_P2.pdb          59.31 18.91 31.66 23.06
8IWH_1.pdb           60.22 33.31 37.44 24.05
7VD5_19.pdb          28.20 2.46 19.93 11.98
8IWH_3.pdb           29.84 4.28 20.29 12.95
8J0D_5.pdb           28.04 13.18 24.00 6.27
6J40_36.pdb          48.76 17.57 32.86 18.77
9KQB_J.pdb           58.69 33.62 39.31 22.61
6JLU_1.pdb           45.33 16.32 30.88 15.97
6J40_37.pdb          23.57 11.72 27.51 8.71
6J3Y_31.pdb          27.25 7.85 29.94 13.03
8J0D_4.pdb           36.15 20.05 28.16 7.78
8IWH_2.pdb           40.89 21.25 28.89 11.33
7VD5_32.pdb          28.49 9.58 23.24 7.89
C2.pdb               31.84 12.36 26.51 7.66
C3.pdb               58.18 21.69 35.50 24.90
C1.pdb               29.53 7.52 22.29 9.33
C4.pdb               29.90 23.82 30.01 2.89
